2958262
267163
2656622
2858806
2858806
267164
3108963
328958
238148
480996
248270
941287
902058
1840395
1680581
3050373
3050088
1777025
3835679
1939457
1939457
2656623
2656623
2878433
1639395
3931703
2095907
264890
3050371
793412
3806318
489538
3822162
3508638
1840083
1635041
1840393
1195571
2985441
3598376
2656621
959936
3826945
1594108
1099434
482220
3920052
2022604
2134261
3184129
3409628
2142843
1743190
3646789
2603225
162743
1592960
2871972
984602
1284250
3483480
1477032
2246257
2878431
3806319
2980773
1756980
1214991
209255
2690461
2371952
725824
2578562
1730164
3363306
2001507
1001682
1958181
1687892
3925234
1130817
1619207
3505357
3042516
367913
981367
2753701
872127
2949535
1268758
3297756
3493247
2550637
3595045
39599
3120926
3931007
423804
3346873
679098
3186915
2988240
1702692
160489
3006236
1954173
3537181
3784217
3799926
3736718
1387153
1409217
1385071
422828
3880313
3245243
1449665
1751568
3863757
3478232
210038
3523569
3373593
361454
3175906
874873
3186916
3373595
