1639394
1836145
3893392
542832
219102
113500
199051
2523814
3108962
328957
238147
480995
248269
941286
902057
1840394
1680580
3050372
3050087
1777024
3835678
1939456
1939456
2656622
17914
2858805
2858805
3108963
1687891
2717668
1130816
3699797
3505356
561583
367912
1372105
2753700
872297
2949534
2365189
3297755
2275161
2550636
740610
210036
1534238
3346872
308761
3186914
405049
2634619
1744884
3549034
2826874
3537180
1240508
3799925
437097
1387152
1211399
1385070
1365707
3880312
3801804
1449664
3610344
3863756
2091091
1723796
3240284
3373592
3255992
3175905
5136
3924570
2592256
2958261
17912
3835677
3931702
2105169
633123
2619694
2894094
1214375
2876430
3420204
17395
1493984
321927
3821740
3637070
759294
3683651
3374742
3580241
3819412
1197122
1820319
322349
3642765
266852
1321778
267162
2214730
3076995
1779402
793411
3800037
118755
1217403
2878430
470136
233149
1116065
231975
1035863
13777
2383361
2297799
2095906
1199925
3806317
1195570
2985440
2879590
2048595
1806680
3302424
3168954
402994
3897112
1086723
2275992
57811
1223301
3756330
3227155
3161350
1582931
3569100
2789880
3569983
823586
2790477
1594107
3233151
1067578
10677
820117
1589845
3184128
2762368
3301304
1202686
3185912
395032
334792
1592959
431055
1972789
1233675
3483479
1213379
433949
1213684
3190701
1996126
2370068
1214990
2781858
9535
2371951
1250147
4834
401647
85398
2001506
2783158
405051
793415
3801806
633127
1744886
3635074
1365709
1607281
1319244
422826
202101
236561
3158658
916048
278855
542836
2325896
2002494
357889
374478
341903
341903
662586
2747940
2988239
1702691
127562
1297557
257576
253394
170147
415803
783796
783796
1673062
771037
2521546
1544780
793416
3338995
324489
327094
3345352
3180007
3177106
3177106
2467932
1147452
3434893
1644240
2072187
3590141
449355
1473387
2365192
363365
3596721
1634367
1635040
990128
3205639
541501
3598375
987217
62672
3207268
2423227
2842324
1640898
1778059
2022603
438035
438726
2023592
2809570
439521
1615412
2801104
2025270
2367968
2802088
3623796
2043260
3539542
3622858
2043872
3600505
2802914
860009
2803450
1627954
860563
2805359
1628198
1783119
863398
2824630
459475
1629416
1629416
402630
3177105
3090019
459474
1759640
3138111
536204
1321111
561314
276787
619562
2944908
2733220
1880686
678263
1004473
710446
3545486
761405
786192
3224113
1439326
330785
1759156
2018679
2018679
382818
489535
3784216
913519
3290055
350471
1825592
962384
3541690
2113083
1268248
2995512
3846108
558758
344033
3844772
3828900
358231
897032
2052873
2766443
360109
2651586
2462762
116877
1274416
2488349
2405913
3261504
2574628
482219
2490154
483771
3264115
2075754
96868
2875885
485254
3646788
2453104
2081434
1281409
2453960
3404644
1284249
3243320
3265890
2083008
880716
1664252
881392
2456993
2083775
489839
490259
2458472
2386887
1291196
2921813
1291376
1291617
2088359
2716411
2439967
718760
3316515
187368
1941150
1814836
3493245
3580246
1533989
1021695
1472217
1056776
1043383
1114789
3778496
1117102
549750
1151368
1188406
3004587
2047370
1800259
1113124
1724278
2613011
1854497
1439456
1953674
3400623
2210176
3489115
780217
2152645
3637075
534063
3133276
3110575
3707564
1661148
2494329
2062886
1695826
2480283
2514883
299816
2721394
298535
1456742
3704904
1704206
2063387
1303268
1704629
1705856
673237
1559832
2484407
3280208
2373114
2495265
2002060
511993
1028182
1509410
2118196
3698318
1605304
1317923
3673920
2401411
2097107
3696595
540582
3663132
2882013
3288479
1720014
2521321
1726430
3880665
159037
2722012
2895473
942479
2900285
1727673
1330288
1729055
1331694
2116076
2905707
1730163
2117008
945758
518742
1958180
3394441
1254307
1203686
1268247
1695825
1637557
1327255
3269223
2242926
754883
3244000
1425945
161198
3493246
1068666
2572445
3106713
1566009
577964
1815429
143148
333677
1883020
1321112
1403174
3819074
416365
3433887
1327849
3414642
724403
1085025
3147973
1084154
1718751
1825717
627687
2531448
3245241
2261890
3372473
3112114
1758079
3008347
1765642
391761
2554651
561315
2887971
1373024
1761328
2533077
560344
992216
2534279
2144565
1364766
959935
2536175
193267
2537000
3317117
1368019
2326247
2952621
2952917
967687
2142842
1743189
930092
1345872
1346852
192503
573509
984601
1350100
1754735
2154419
3729305
1756750
2960629
577244
1756979
1757357
2956076
2164032
2546977
587801
2165359
1763855
2549406
1764802
1668434
1234596
2311491
1644239
2732217
1690306
140362
1533990
1637556
1758078
1764801
2913235
3715898
2195172
1851763
1276196
1878574
632322
1920198
1926429
1937663
3198547
858917
1388989
1061676
3501541
3006235
3011192
753501
3366004
3154995
605110
605110
2242927
158682
422827
1386707
68621
896574
72973
2185833
2106677
2107304
3614075
2913236
855011
2948332
1394787
2574548
624368
3379080
855562
203034
2215767
3642764
1399213
3783203
3644843
2966272
226983
994934
226307
3768795
1034650
1003279
1381406
3745647
3394233
1035862
1036431
3772549
3750217
2203654
2993715
1383851
607335
3778148
2176424
1382871
2176811
3355728
206002
1004740
1009219
3782159
2980772
1387922
1389953
209254
226657
2982029
227699
2578561
228893
3757901
1015297
2579252
1472218
1056041
1784956
3784215
1780810
1800258
1005719
2261889
3372472
517596
3379767
2334309
2225476
2224395
2334310
3900961
3568415
39598
2342583
2357591
3491259
22746
811258
1390265
474421
2913754
1194282
1194282
1907097
2054756
3244001
3496606
3736717
3736717
2944909
2127575
761701
426832
1688316
94759
3016407
2911609
949064
2640523
948598
3820701
950736
658425
1046213
1820318
3532799
1041405
2234657
271849
2615491
2236937
1415195
2237135
629196
976649
1823672
629954
249298
1824144
631574
3408811
266473
3409627
3043638
3806078
266327
2603224
162742
1836888
2871971
636018
1838840
1062302
666681
1662490
1847697
658004
1848997
1409533
1850020
259245
259970
2629571
3038288
1040991
1063313
1063313
1043384
1001681
937439
1844469
2419591
2439033
3843507
2586781
1774405
1560527
2529299
2549405
2592596
897030
2608068
3051340
2672706
3160356
3595044
2692907
2723499
2750189
2605848
3613697
679097
3164151
605667
1145323
1775590
3015709
3293623
3105338
916049
220688
1615707
1465924
1690985
1448168
356742
2095300
2238214
2393979
1976817
1114790
1628396
1432609
687215
1667265
2278537
685909
1859992
3471965
1034967
282041
3647491
282921
2679675
707357
681082
3087325
3440767
1453579
286906
1099433
1454697
694763
289380
1458188
2253688
1075524
1855338
3070320
291149
1466282
1467707
1871468
3073446
1475439
1872625
703312
1477031
2658430
3459422
675538
1479490
3835961
3461230
1481634
1876885
1480973
3848853
1480291
1483770
1878575
3048886
2671142
405613
2781857
1539536
2824629
2855694
780216
2887364
1432607
2326298
3389768
2962781
3736716
3014030
2363900
3053111
405612
2945595
1729738
3120925
3157946
2417479
1051284
2288994
2288994
3672661
1102779
3371192
1630687
2981134
127014
626246
144875
1004474
3353568
724918
137723
149919
388788
2515363
454925
3683657
1698211
3662672
65800
1451634
414879
1852598
2701130
1119472
29621
336500
29216
3472814
3561719
3560565
1710292
370973
1116064
715210
1712389
1712843
1000841
1497793
3871728
1498159
3095536
1133263
3096607
1715912
1503961
323272
1505133
602606
3101639
3495410
1922537
3495861
1141561
2689257
730791
1515611
732410
1517072
330150
2690460
332028
3508856
3889171
1696832
333142
333459
2692908
3735749
2437684
1140178
2710046
2965657
3585559
3798106
3816952
1212090
3355021
3356929
3394232
383145
3429814
581139
823291
3464891
3508855
3540202
3528344
3077600
3082613
1211861
3363303
3853196
478853
216959
2092812
687701
3014925
559360
1352501
3545487
334790
2899079
175087
1031989
549751
716442
1729739
3058515
210037
36546
3906866
2756614
3898415
2757007
3924573
3540203
1151369
1557869
782882
2758421
1571532
1572305
1932048
2728918
1560249
1561896
2343777
1575120
3131755
2739370
3920051
1577585
3893248
1168513
760754
1531757
3895565
1171535
1533172
2351083
1172433
1173291
3899684
1174362
2746937
2353759
1175166
2354213
775996
1178545
3907034
2750190
3148087
3908127
1180140
1551756
786193
3930862
1552481
1188407
3901767
3576824
3560013
3590140
3600504
3628001
3654581
3674263
3663131
3732038
3729246
3747379
3759606
3786628
3814408
3824435
3848852
3888196
3889380
3896605
3901766
50965
577965
3931007
341904
2916032
2047371
1268584
1957517
14910
3080164
1389248
3081013
3081792
834724
1484625
833379
1215943
1215943
3430442
3430442
3082614
3082614
1534239
3514360
2786118
3224112
1114788
1114788
3130806
2532223
411295
2958116
230183
208763
2678831
2319464
1211860
1211860
3761068
3761068
179711
3869084
143149
143149
2613466
2191486
3346873
1743920
799169
659984
575226
55422
3810196
1010312
2976793
1026401
3605190
709059
3172128
2924676
3324033
3602712
3174706
3319044
3759147
1433391
1229027
3900424
141716
3549594
3551261
3551261
2869976
668909
2926811
2926811
3001940
2923167
2821157
2927652
2918892
658839
2393192
3175908
3177946
450847
671137
1524385
449733
3502486
2928787
3503840
2930251
2930251
1880688
2926488
1436057
1936110
353212
353212
2018207
3607534
461964
466785
3717087
490471
1773408
3147972
19380
3614074
1781996
858918
3035511
2516172
1665152
1461239
1698210
3060024
2129180
1957516
451790
3213623
3245707
3331216
3445302
586236
1460163
386397
3109997
1923540
1439327
798662
1113125
1354393
3921745
777449
1751567
2382476
3361733
3363304
2747941
455715
2287720
1799771
3853197
1946901
2914720
2079084
2927454
3854308
3069065
2332713
3508637
3852588
2168645
1626490
3858268
3339387
3858783
566992
2633888
1524751
2921691
966429
1451972
762439
864527
155935
2333495
3219166
2249723
2910470
748763
748763
1458435
320854
3329357
3329357
3331217
3331217
3390988
2989091
3906248
3389770
478854
478854
405050
2466780
871550
3787191
437099
3877845
1801241
3649671
3686884
3410541
872126
1005718
2911608
3795308
200694
317090
2167758
1582168
1157125
1157125
820895
3251031
1451632
203848
1799770
234183
1741710
728235
1655814
1677261
2288995
2379177
1954171
2689660
1145324
3887264
802474
956292
2913755
2806383
1052642
2634620
1702692
1924848
3342866
2559174
2290206
118761
3851242
132978
3247852
2014878
373049
2863086
3670887
2016576
3442801
710940
723644
1316355
1317256
3668743
3667881
215419
399114
3820125
3666414
3444235
3850116
3665257
3664688
3664688
3818296
3664243
3663470
3255995
350473
722234
3815937
1222698
845389
302711
2008178
999430
303192
1610491
1611480
1611480
1612296
1612296
546547
1307150
1147451
1251717
2300604
1283639
1775591
2250896
981366
3266190
1394451
3016406
2885871
649827
206738
1302404
1529046
2970815
1553893
1561895
546128
546128
2349989
2809654
1027055
1451971
2463796
2397966
3303997
2843193
1194283
3644841
1102780
3740861
586237
1445992
1439457
3549035
3220736
1542797
3433888
335060
3011428
377739
254369
3555726
1968107
692018
222834
2909636
2036242
2328621
667071
2033473
1514348
932534
3467299
2031924
2031358
2031358
3294254
2991508
2029175
3711930
339992
2027620
2840069
2026138
108624
3676528
1022837
1621288
3295149
349155
3711628
195264
3291140
3291140
3324885
3324885
2374764
2374764
2375988
2375988
2377072
1631597
351815
351815
3251667
3251667
3546470
1594002
3925233
2826875
2555435
2223530
3485396
2248690
739355
1763787
192241
2992040
8356
1195048
2781513
1887681
1955845
1953503
3162592
513386
799168
2054757
405838
725821
386398
1116368
1133521
1111763
3105339
3728689
1327850
3906246
1019290
1682749
3722146
179712
873293
3303998
1392178
144877
1960339
2934065
2934896
219208
316060
611682
1223575
1321777
1179218
3030314
2940053
2519348
2940574
3338997
2940961
2940961
2941561
3498397
3451602
2942563
2943747
913520
1224020
848037
2944219
2944219
989884
384466
1988584
1385073
3029541
3923714
2985755
790549
491994
1989680
175089
175089
1118820
1118820
725823
1327257
491230
491230
783798
783798
3779115
2694164
1959263
1884763
3530106
2430340
2607031
1448785
2987549
231062
2841526
3523896
950735
1690984
2986777
626245
555866
2659862
2358255
2353514
2230991
2230991
3785232
2718884
2829052
2010596
1569493
664986
2919284
778469
1486061
2233089
868606
1336019
2843194
1077229
724404
1911981
127015
2517063
3739540
1161008
2233090
1923541
1544286
3736718
605111
605111
1336021
1336021
2383004
2370527
2478686
2462761
2552047
2537492
2580249
2572314
2640522
2625943
2672200
2680618
2696088
2708294
2755937
2758112
437098
437098
1954172
3764796
783797
783797
1336020
1336020
1411171
2291909
355651
173304
409421
799793
2080034
3621643
3525
3877847
489537
2577115
3246317
82503
1143068
2061345
2465117
1360918
1095501
172564
3798503
3543567
968628
1097065
2775706
2105495
3
3799928
2229284
2229284
2230340
2230340
3313999
1689074
1385844
2197185
2776872
3740863
2095302
904587
1635705
68485
1098575
1310950
1304178
2396504
2397968
1304872
1088459
1088459
1305581
2103931
1657562
1307152
1320970
3345351
2832193
3352621
1619206
197731
565058
3433886
3424337
3366003
1080976
3382189
1268757
2059964
2041064
3406502
3506402
748761
2916031
3430441
222423
3592501
319724
3415416
3728690
1460579
225031
192240
1860834
2724530
3887265
3805135
1077230
1444650
771769
1924846
1915169
1650442
3478231
3475665
3523568
3527126
3370854
1465925
2122880
2127576
489346
2002496
1004475
3835676
503842
3050370
3350733
3821739
3348773
3822161
3657547
1840082
503501
1840392
1795671
2971974
1770638
2656620
80707
3826944
2059167
3162752
2149637
3163285
1766163
2134260
2155168
2921325
2435309
3504382
2810557
2810557
1297559
2056947
1386709
2058467
3679167
750111
3678056
2246256
2724532
2158105
87839
2157213
3065786
3065786
2718886
3067546
3138113
94761
3181283
1151730
3627454
3492238
2262233
2600050
3042515
1693639
2305582
3262908
171696
2830625
2067786
68483
428074
2297717
741595
2084349
423803
179710
3388086
2955245
45419
832576
3342865
845388
3485395
3629902
2661388
1544285
1409216
2309235
1099901
854421
1448169
2371535
1933610
2430978
361453
874871
956293
2913756
3133277
1678207
264889
3420203
2635976
1830158
48574
3421522
3113579
569799
919687
3812187
1861963
764977
2131776
3586401
771770
198978
769611
583521
2170632
1474042
3510984
3310483
3874985
770357
2184202
3653249
3651164
3651164
3645452
2319466
771039
2186654
3045608
3505359
3328298
3254768
100140
547369
3044244
3044244
2138374
3015711
2634622
1845755
1844471
1844471
2048594
327093
3025632
3027915
3464444
1103201
1276195
400768
1732376
1222108
2844118
356741
1445993
2515362
383144
3278025
3906865
3924572
894360
2191485
3207639
2880541
2204571
993255
160488
3307692
1968782
1657560
896575
1185224
1411170
1411170
2806384
2314242
1681301
361452
1205083
2722010
3541691
1420700
1236120
716443
1915170
1645585
850691
153920
984930
3415418
153013
1052214
1164395
1595001
3592503
159673
1913255
1913255
1729740
1729740
2532225
2532225
1916890
1914211
74572
74572
235613
235613
74664
74664
234185
1157379
1387155
1387155
3863759
77881
3694113
570393
1911983
2753703
2238215
2565658
3610345
2060761
643670
2159987
1651731
3414641
355652
436213
1492563
1487753
2728400
3053561
2267859
3271017
1430163
1432004
835442
833378
874351
3751600
2470458
1052212
2312484
2312484
2040610
603395
3346874
2228644
602940
2227332
1420701
544428
3245242
2634621
1158787
866668
1649134
3397647
2382477
1649135
1648106
3276206
3220737
1650444
3359853
3359853
3358906
3358906
3058516
3058516
3059244
3059244
2586384
3061326
75626
75626
3063792
3063792
3062270
3062270
3358476
3358476
3060026
3358635
3275907
3275907
2583465
2583465
3473889
2900471
2586783
2586783
3475666
3358580
492965
3363305
3006237
3006237
2091092
3807294
3277922
3277922
1543698
1543698
2106678
2107305
3343875
2587895
2062887
2062887
3624587
3397648
1723797
1723797
3180008
3180008
210038
3523569
3522470
3522470
3527127
3527127
3240285
3230476
1779798
1778057
1806678
1788784
3167490
3167490
1639397
1639397
917545
917545
1810182
1185226
3614076
181251
778471
964538
2314244
38291
1465926
1443574
3380919
1445285
1444652
1444652
1450964
470135
2298195
2298195
460799
827664
957926
957926
1643251
1643251
3489829
2117258
455716
3630236
2382478
3629904
1923542
1923542
39600
39600
1448787
1448787
2750752
2139812
2674043
2673607
2113082
2113082
2541487
2561318
3396003
2577113
1034045
1034045
1631596
1631596
173871
173871
367914
370721
1550932
1550932
3861068
2753702
874872
210039
2515364
2122881
956294
1453101
2127577
2127577
2955473
1695827
1051286
3383290
3166256
3166256
3537183
3537183
3164153
3164153
2955247
2955247
884648
374477
2668702
786191
2413309
1188405
2480282
1553170
1578679
1937662
2210656
2357590
2372409
2750188
2773945
3157945
454924
3528343
3576823
3931006
1641783
266742
3170782
727958
3880314
1157124
1236121
1561894
379762
1953502
2413781
2353513
2383003
2758111
1976818
3050885
2156095
3442683
3505358
3924571
2550638
2550638
3186916
2467933
2467589
2467589
2466782
2466782
1810183
3500791
1809730
1809730
1807534
1807534
2147854
665720
3070957
1646533
489347
1215750
488875
1385072
3570690
3571126
1687893
3616314
1639396
1639396
1792748
3380918
3383289
3383289
3373594
