3827090
1253280
3201083
3083524
3201438
3083879
3201367
3083808
513550
13780
13780
2134264
3826948
1253138
487111
585205
585205
233152
233152
1939458
1939458
3108965
3108965
1777026
1777026
2656624
2656624
2858807
2858807
1192018
3202574
3085015
3200870
3083311
3200799
3083240
513621
13851
13851
2134335
3200941
3083382
3201012
3083453
3201225
3083666
3827019
1253209
3202645
3085086
3201296
3083737
3200728
3083169
3201154
3083595
233151
3108964
3201366
3083807
3202573
3085014
3827018
1253208
3202644
3085085
3201295
3083736
3200727
3083168
3201294
3083735
3201293
3083734
3200838
3083279
3826974
1253164
3827091
1253281
3827045
1253235
3200839
3083280
3202559
3085000
3826975
1253165
3200879
3083320
3201121
3083562
3827092
1253282
3827046
1253236
3200770
3083211
3202614
3085055
3200840
3083281
3202560
3085001
3201034
3083475
3202665
3085106
3826976
1253166
3200753
3083194
3827023
1253213
3200880
3083321
3200915
3083356
3827008
1253198
3201122
3083563
3826957
1253147
513644
13874
13874
2134358
3827047
1253237
3200771
3083212
3202615
3085056
3201403
3083844
3827054
1253244
3200841
3083282
3200936
3083377
3827003
1253193
3202561
3085002
3201457
3083898
3826992
1253182
3201087
3083528
513609
13839
13839
2134323
3201035
3083476
513569
13799
13799
2134283
3202666
3085107
3827000
1253190
3201084
3083525
513606
13836
13836
2134320
513599
13829
13829
2134313
3201370
3083811
3201269
3083710
3826977
1253167
3200948
3083389
3201175
3083616
3827072
1253262
3201044
3083485
3200754
3083195
3201097
3083538
3202520
3084961
3827024
1253214
3827031
1253221
3201443
3083884
3200736
3083177
513630
13860
13860
2134344
3200881
3083322
513554
13784
13784
2134268
3201281
3083722
513580
13810
13810
2134294
3201436
3083877
3202714
3085155
3202571
3085012
3200836
3083277
3201119
3083560
3201455
3083896
3200916
3083357
3201250
3083691
3202634
3085075
3200918
3083359
3201252
3083693
3826964
1253154
3200822
3083263
3200989
3083430
3202636
3085077
3200902
3083343
3202609
3085050
3827009
1253199
3201123
3083564
3200776
3083217
3826958
1253148
3201222
3083663
3202648
3085089
3201344
3083785
3202552
3084993
3202698
3085139
513645
13875
13875
2134359
3827048
1253238
3201423
3083864
3201439
3083880
3200772
3083213
3201263
3083704
3201236
3083677
3200831
3083272
3202659
3085100
3201299
3083740
3200681
3083122
3202599
3085040
3201050
3083491
3202616
3085057
3201211
3083652
3201404
3083845
3200818
3083259
3202654
3085095
3200965
3083406
3202577
3085018
3826954
1253144
3202651
3085092
513564
13794
13794
2134278
3827055
1253245
3202523
3084964
3202587
3085028
3201347
3083788
3200842
3083283
3202507
3084948
3200937
3083378
3827004
1253194
3201399
3083840
3201308
3083749
3202562
3085003
3201458
3083899
3202626
3085067
3202536
3084977
3200983
3083424
513626
13856
13856
2134340
3200717
3083158
3201256
3083697
3202708
3085149
3826993
1253183
3827064
1253254
3200926
3083367
3201088
3083529
513558
13788
13788
2134272
3201063
3083504
3201218
3083659
3201340
3083781
3200920
3083361
513610
13840
13840
2134324
3201036
3083477
3202702
3085143
3827079
1253269
513570
13800
13800
2134284
3201005
3083446
513617
13847
13847
2134331
3202667
3085108
3201327
3083768
3202594
3085035
3201364
3083805
3827001
1253191
3201085
3083526
513607
13837
13837
2134321
3201368
3083809
3200946
3083387
3826952
1253142
3201254
3083695
3826969
1253159
513577
13807
13807
2134291
3200962
3083403
3826966
1253156
3201379
3083820
3200824
3083265
3202567
3085008
513600
13830
13830
2134314
3201371
3083812
3200991
3083432
3201270
3083711
3200860
3083301
3826978
1253168
3200949
3083390
3827027
1253217
3202677
3085118
3200997
3083438
3201176
3083617
3201286
3083727
3201357
3083798
3201163
3083604
3202638
3085079
3200904
3083345
3826971
1253161
3202611
3085052
3200980
3083421
3202681
3085122
3201382
3083823
3201351
3083792
3201071
3083512
3827011
1253201
3827073
1253263
3201132
3083573
3202687
3085128
3201045
3083486
3200755
3083196
3201184
3083625
3202513
3084954
3201001
3083442
3201125
3083566
3201098
3083539
3202555
3084996
3200713
3083154
3200930
3083371
3200827
3083268
3827088
1253278
3200913
3083354
3200934
3083375
513567
13797
13797
2134281
3202607
3085048
3201421
3083862
3202521
3084962
3200924
3083365
3827077
1253267
513615
13845
13845
2134329
3827025
1253215
3200892
3083333
3827032
1253222
3201444
3083885
513591
13821
13821
2134305
3200737
3083178
3202671
3085112
3202543
3084984
3200894
3083335
3201463
3083904
3200806
3083247
3827034
1253224
3200778
3083219
3201105
3083546
3201111
3083552
3827058
1253248
3201041
3083482
513551
13781
13781
2134265
3202711
3085152
3826949
1253139
3202684
3085125
3201181
3083622
513631
13861
13861
2134345
3200882
3083323
3202526
3084967
3826996
1253186
3202516
3084957
3201446
3083887
3201312
3083753
3202590
3085031
3827067
1253257
487112
585206
585206
233153
233153
1939459
1939459
3108966
3108966
1777027
1777027
2656625
2656625
2858808
2858808
1192019
513555
13785
13785
2134269
3201282
3083723
513581
13811
13811
2134295
513593
13823
13823
2134307
3200669
3083110
3826960
1253150
3201387
3083828
3200956
3083397
3201437
3083878
3200869
3083310
3201224
3083665
3202572
3085013
3827017
1253207
3200726
3083167
3200837
3083278
3827044
1253234
3201120
3083561
3202664
3085105
3200752
3083193
3201456
3083897
3200735
3083176
513579
13809
13809
2134293
3202570
3085011
3201249
3083690
3202633
3085074
3200917
3083358
3201251
3083692
3202635
3085076
3202647
3085088
3202697
3085138
3201262
3083703
3201298
3083739
3200680
3083121
3201049
3083490
3200817
3083258
3200964
3083405
3202576
3085017
3202650
3085091
513563
13793
13793
2134277
3201346
3083787
513625
13855
13855
2134339
3202707
3085148
3827063
1253253
3201062
3083503
3200919
3083360
3202701
3085142
3201004
3083445
3201326
3083767
3201363
3083804
3200945
3083386
3201253
3083694
3826968
1253158
513576
13806
13806
2134290
3826965
1253155
3201378
3083819
3200823
3083264
3202566
3085007
3200990
3083431
3202676
3085117
3200996
3083437
3201285
3083726
3201356
3083797
3202637
3085078
3200903
3083344
3202610
3085051
3201381
3083822
3201350
3083791
3201070
3083511
3827010
1253200
3201131
3083572
3202512
3084953
3201124
3083565
3202554
3084995
3200929
3083370
3200826
3083267
3827087
1253277
513590
13820
13820
2134304
3202542
3084983
3201462
3083903
3200805
3083246
3200777
3083218
3201104
3083545
3826959
1253149
3201386
3083827
3200868
3083309
3201223
3083664
3200725
3083166
3202569
3085010
3201261
3083702
3200679
3083120
3202575
3085016
3202649
3085090
3201345
3083786
3202700
3085141
3202553
3084994
513589
13819
13819
2134303
3201385
3083826
3200678
3083119
3202699
3085140
513588
13818
13818
2134302
3200677
3083118
3200676
3083117
3200704
3083145
3200739
3083180
513602
13832
13832
2134316
3200813
3083254
513646
13876
13876
2134360
3200845
3083286
3200792
3083233
3827049
1253239
3201373
3083814
3200787
3083228
3200705
3083146
3200763
3083204
3200973
3083414
3200782
3083223
3201424
3083865
3200740
3083181
513603
13833
13833
2134317
3201440
3083881
3200773
3083214
3202630
3085071
3200814
3083255
3201059
3083500
3202673
3085114
3200993
3083434
3201128
3083569
3201101
3083542
513647
13877
13877
2134361
513650
13880
13880
2134364
3201272
3083713
3201204
3083645
3202545
3084986
513653
13883
13883
2134367
3201264
3083705
3200846
3083287
3200793
3083234
3201198
3083639
3201091
3083532
3200896
3083337
3201237
3083678
3201409
3083850
3201079
3083520
3827050
1253240
3201171
3083612
3200832
3083273
3202532
3084973
3202660
3085101
3201374
3083815
3200721
3083162
3200788
3083229
3200706
3083147
3201391
3083832
3201300
3083741
3200682
3083123
3202600
3085041
3200871
3083312
3201051
3083492
3201331
3083772
3202617
3085058
3201450
3083891
513634
13864
13864
2134348
3201212
3083653
3201429
3083870
3200730
3083171
3200764
3083205
3201275
3083716
3200974
3083415
3200851
3083292
3201207
3083648
3201405
3083846
3201465
3083906
3201137
3083578
3201476
3083917
3202582
3085023
3200800
3083241
3200819
3083260
3200862
3083303
3200808
3083249
3826980
1253170
3202548
3084989
3202655
3085096
3201417
3083858
3200783
3083224
3201425
3083866
3201192
3083633
3200885
3083326
3200741
3083182
3201318
3083759
3827036
1253226
3200951
3083392
3200691
3083132
3200966
3083407
3200759
3083200
3202578
3085019
3201291
3083732
3201032
3083473
3826955
1253145
513604
13834
13834
2134318
3201267
3083708
3827029
1253219
3201441
3083882
3201117
3083558
3200774
3083215
3202652
3085093
3202679
3085120
3200999
3083440
3200911
3083352
513565
13795
13795
2134279
3827056
1253246
3202524
3084965
3202588
3085029
3201247
3083688
3202631
3085072
3200815
3083256
3201060
3083501
3202674
3085115
3200994
3083435
3201354
3083795
3201348
3083789
3201129
3083570
3202510
3084951
3201102
3083543
3200843
3083284
3200780
3083221
513648
13878
13878
2134362
513651
13881
13881
2134365
3201196
3083637
3201273
3083714
3200849
3083290
3201205
3083646
3202546
3084987
513654
13884
13884
2134368
3201265
3083706
3200909
3083350
3202508
3084949
3200847
3083288
3201019
3083460
3200794
3083235
3201199
3083640
3201074
3083515
3201092
3083533
3200897
3083338
3201238
3083679
3201410
3083851
3201080
3083521
3200938
3083379
3201151
3083592
3827005
1253195
3201400
3083841
3827051
1253241
3201172
3083613
3200833
3083274
3202533
3084974
3200710
3083151
3200889
3083330
3201178
3083619
3201309
3083750
3202661
3085102
513622
13852
13852
2134336
3200942
3083383
3201375
3083816
3202563
3085004
3827084
1253274
3201459
3083900
3200865
3083306
3200722
3083163
3200789
3083230
3202627
3085068
3201288
3083729
3200707
3083148
3201021
3083462
3201392
3083833
3201301
3083742
3200683
3083124
3201024
3083465
3202601
3085042
3200872
3083313
3201052
3083493
3201332
3083773
3202618
3085059
3201451
3083892
3201395
3083836
3201359
3083800
3201243
3083684
513635
13865
13865
2134349
3201213
3083654
3202537
3084978
3201165
3083606
3201430
3083871
3200731
3083172
3200765
3083206
3201276
3083717
3200975
3083416
3200747
3083188
3200852
3083293
3200697
3083138
3200984
3083425
513627
13857
13857
2134341
3201208
3083649
3201323
3083764
3201406
3083847
3200718
3083159
3201466
3083907
3201304
3083745
3200686
3083127
3201027
3083468
3201138
3083579
3201477
3083918
3202640
3085081
3202583
3085024
3201107
3083548
3200801
3083242
3201257
3083698
513642
13872
13872
2134356
3200820
3083261
3202709
3085150
3826994
1253184
3827065
1253255
513561
13791
13791
2134275
3200927
3083368
3200811
3083252
3201089
3083530
3201149
3083590
3200863
3083304
3200745
3083186
513640
13870
13870
2134354
513559
13789
13789
2134273
3200809
3083250
3201064
3083505
3826981
1253171
3200796
3083237
3201219
3083660
3201341
3083782
3202549
3084990
3202656
3085097
3202604
3085045
3201418
3083859
3200921
3083362
3200784
3083225
3201201
3083642
3201076
3083517
3202529
3084970
3201426
3083867
3201473
3083914
3201189
3083630
3201193
3083634
3200906
3083347
3200886
3083327
3201146
3083587
3200742
3083183
3200875
3083316
513611
13841
13841
2134325
3201037
3083478
3202703
3085144
3201066
3083507
513584
13814
13814
2134298
3201055
3083496
3201113
3083554
3827080
1253270
3201319
3083760
3827037
1253227
3201335
3083776
3202692
3085133
513571
13801
13801
2134285
3201013
3083454
3201229
3083670
3200952
3083393
3201469
3083910
3201006
3083447
3200692
3083133
3200967
3083408
3826983
1253173
513618
13848
13848
2134332
3201094
3083535
3200899
3083340
3202668
3085109
3827014
1253204
3827060
1253250
3200760
3083201
3201328
3083769
3202579
3085020
3201240
3083681
3202595
3085036
3202621
3085062
3201412
3083853
3201082
3083523
3200798
3083239
3200940
3083381
3201011
3083452
3201153
3083594
3201365
3083806
3201292
3083733
3826973
1253163
3202558
3084999
3200878
3083319
3200769
3083210
3202613
3085054
3201033
3083474
3827022
1253212
3827007
1253197
3826956
1253146
3201402
3083843
3827053
1253243
3827002
1253192
3826991
1253181
3201086
3083527
513608
13838
13838
2134322
3826999
1253189
513605
13835
13835
2134319
3201369
3083810
3201268
3083709
3200947
3083388
3201174
3083615
3201043
3083484
3202519
3084960
3827030
1253220
3201442
3083883
513553
13783
13783
2134267
3201280
3083721
3202713
3085154
3200835
3083276
3201118
3083559
3201454
3083895
3200775
3083216
3201221
3083662
3201343
3083784
3202551
3084992
3201235
3083676
3202658
3085099
3202598
3085039
3202653
3085094
3826953
1253143
3201398
3083839
3201307
3083748
3202625
3085066
3202535
3084976
3200982
3083423
3200716
3083157
3201255
3083696
3826951
1253141
3200961
3083402
3200859
3083300
3201162
3083603
3826970
1253160
3200979
3083420
3202680
3085121
3202686
3085127
3201183
3083624
3201000
3083441
3200712
3083153
3200912
3083353
3200933
3083374
513566
13796
13796
2134280
3202606
3085047
3201420
3083861
3200923
3083364
3827076
1253266
513614
13844
13844
2134328
3200891
3083332
3827057
1253247
3201040
3083481
3202683
3085124
3201180
3083621
3202525
3084966
3201311
3083752
3202589
3085030
3202663
3085104
3200751
3083192
513578
13808
13808
2134292
3201248
3083689
3202632
3085073
3200816
3083257
3200963
3083404
513624
13854
13854
2134338
3202706
3085147
3201061
3083502
3201362
3083803
3200944
3083385
3826967
1253157
3201377
3083818
3202565
3085006
3202675
3085116
3200995
3083436
3201355
3083796
3201380
3083821
3201349
3083790
3201069
3083510
3201130
3083571
3202511
3084952
3200825
3083266
3827086
1253276
3201461
3083902
3201103
3083544
3200867
3083308
3200724
3083165
3202568
3085009
3201384
3083825
513587
13817
13817
2134301
3200675
3083116
3200703
3083144
513601
13831
13831
2134315
3200844
3083285
3200791
3083232
3201372
3083813
3200786
3083227
3200781
3083222
3202629
3085070
3201058
3083499
3200992
3083433
513649
13879
13879
2134363
3201271
3083712
3201203
3083644
513652
13882
13882
2134366
3201197
3083638
3201078
3083519
3201170
3083611
3202531
3084972
3201449
3083890
513633
13863
13863
2134347
3201428
3083869
3201274
3083715
3200850
3083291
3201206
3083647
3201136
3083577
3201475
3083916
3200861
3083302
3826979
1253169
3202547
3084988
3201191
3083632
3200884
3083325
3201317
3083758
3200950
3083391
3200690
3083131
3201290
3083731
3201031
3083472
3201266
3083707
3827028
1253218
3201116
3083557
3202678
3085119
3200998
3083439
3200910
3083351
3201246
3083687
3201353
3083794
3202509
3084950
3201195
3083636
3200848
3083289
3200908
3083349
3201018
3083459
3201073
3083514
3200709
3083150
3200888
3083329
3201177
3083618
3827083
1253273
3201287
3083728
3201020
3083461
3201023
3083464
3201394
3083835
3201358
3083799
3201164
3083605
3201322
3083763
3201303
3083744
3200685
3083126
3201026
3083467
3202639
3085080
3201148
3083589
3200744
3083185
513639
13869
13869
2134353
3200795
3083236
3202603
3085044
3201200
3083641
3201075
3083516
3202528
3084969
3201188
3083629
3200905
3083346
3201145
3083586
3200874
3083315
3201054
3083495
3201334
3083775
3201228
3083669
3201093
3083534
3200898
3083339
3827013
1253203
3201239
3083680
3202620
3085061
3201411
3083852
3201081
3083522
3200939
3083380
3201010
3083451
3201152
3083593
3826972
1253162
3200877
3083318
3202612
3085053
3827006
1253196
3201401
3083842
3827052
1253242
3826998
1253188
3201173
3083614
3202518
3084959
3200834
3083275
3201453
3083894
3201234
3083675
3201397
3083838
3202534
3084975
3200981
3083422
3200858
3083299
3200711
3083152
3827075
1253265
513613
13843
13843
2134327
3200890
3083331
3201039
3083480
3202682
3085123
3201179
3083620
3201310
3083751
3202662
3085103
513623
13853
13853
2134337
3202705
3085146
3201361
3083802
3200943
3083384
3201376
3083817
3202564
3085005
3201068
3083509
3827085
1253275
3201460
3083901
3200866
3083307
3200723
3083164
3201383
3083824
513586
13816
13816
2134300
3200790
3083231
3202628
3085069
3201057
3083498
3201448
3083889
3201135
3083576
3200689
3083130
3201289
3083730
3201030
3083471
3201115
3083556
3201245
3083686
3201352
3083793
3201072
3083513
3200708
3083149
3827082
1253272
3201022
3083463
3201393
3083834
3201321
3083762
3201302
3083743
3200684
3083125
3201025
3083466
513638
13868
13868
2134352
3201482
3083923
3202602
3085043
3201144
3083585
3200873
3083314
3201053
3083494
3201333
3083774
3201227
3083668
3827012
1253202
3202619
3085060
3201452
3083893
3201396
3083837
3200857
3083298
3827074
1253264
3201360
3083801
3201134
3083575
3201244
3083685
513637
13867
13867
2134351
3201226
3083667
3200856
3083297
3201133
3083574
513636
13866
13866
2134350
3201214
3083655
3202538
3084979
3202688
3085129
3201166
3083607
3201431
3083872
3827039
1253229
513596
13826
13826
2134310
3201215
3083656
3201337
3083778
3200732
3083173
3202694
3085135
3201046
3083487
513573
13803
13803
2134287
3202539
3084980
3200756
3083197
3202689
3085130
3200766
3083207
3201277
3083718
3200976
3083417
3200748
3083189
3200672
3083113
3201167
3083608
3201314
3083755
3201015
3083456
3201185
3083626
3201231
3083672
3201141
3083582
3200853
3083294
3201157
3083598
3200698
3083139
3201432
3083873
3200985
3083426
3827040
1253230
513597
13827
13827
2134311
513628
13858
13858
2134342
3201209
3083650
3201216
3083657
3201338
3083779
3202592
3085033
3202514
3084955
3200954
3083395
3200733
3083174
3202695
3085136
3201047
3083488
3201002
3083443
3201324
3083765
513574
13804
13804
2134288
3202540
3084981
487118
585212
585212
233159
233159
1939465
1939465
3108972
3108972
1777033
1777033
2656631
2656631
2858814
2858814
1192025
3201126
3083567
3201099
3083540
3201407
3083848
3200719
3083160
3200757
3083198
3201471
3083912
3202690
3085131
3201467
3083908
3202556
3084997
3200767
3083208
3827020
1253210
3201278
3083719
3201305
3083746
3200714
3083155
3201160
3083601
3200977
3083418
3200931
3083372
3200749
3083190
3200673
3083114
3200701
3083142
3201168
3083609
3201315
3083756
3201016
3083457
3201186
3083627
3201008
3083449
3201232
3083673
3200687
3083128
3201028
3083469
3201480
3083921
3201142
3083583
3200854
3083295
3201139
3083580
3201158
3083599
3200699
3083140
3201478
3083919
3202641
3085082
3827069
1253259
3201433
3083874
3200986
3083427
3200828
3083269
3202584
3085025
3201108
3083549
3827041
1253231
3200802
3083243
3201258
3083699
3200694
3083135
3200969
3083410
487114
585208
585208
233155
233155
1939461
1939461
3108968
3108968
1777029
1777029
2656627
2656627
2858810
2858810
1192021
3826985
1253175
3827089
1253279
513620
13850
13850
2134334
3202643
3085084
3200914
3083355
513643
13873
13873
2134357
3200935
3083376
513568
13798
13798
2134282
513598
13828
13828
2134312
3827071
1253261
3201096
3083537
513629
13859
13859
2134343
3201435
3083876
3826963
1253153
3200821
3083262
3200988
3083429
3200901
3083342
3202608
3085049
3201422
3083863
3200830
3083271
3201210
3083651
3202522
3084963
3202586
3085027
3200925
3083366
513557
13787
13787
2134271
3201217
3083658
3201339
3083780
3827078
1253268
513616
13846
13846
2134330
3202593
3085034
3827026
1253216
3202670
3085111
3200893
3083334
3827033
1253223
3201110
3083551
3202710
3085151
3826995
1253185
3202515
3084956
3201445
3083886
3827066
1253256
513592
13822
13822
2134306
3200955
3083396
3827016
1253206
3827043
1253233
3200734
3083175
3202646
3085087
3202696
3085137
3201297
3083738
3201048
3083489
513562
13792
13792
2134276
3827062
1253252
3201003
3083444
3201325
3083766
513575
13805
13805
2134289
3201284
3083725
3200928
3083369
3202541
3084982
3200804
3083245
2656632
2858815
2858815
1192026
3201260
3083701
3200738
3083179
3200812
3083253
3200762
3083203
3200972
3083413
3202672
3085113
3201127
3083568
3201100
3083541
3202544
3084985
3201090
3083531
3200895
3083336
3201408
3083849
3200720
3083161
3201390
3083831
3201330
3083771
3200729
3083170
3201464
3083905
3202581
3085022
3200807
3083248
3201416
3083857
3827035
1253225
3200758
3083199
3200779
3083220
3201150
3083591
3200864
3083305
3201242
3083683
3200746
3083187
3200696
3083137
3201106
3083547
513641
13871
13871
2134355
513560
13790
13790
2134274
3200810
3083251
3201472
3083913
3201065
3083506
513583
13813
13813
2134297
3201112
3083553
3202691
3085132
3201468
3083909
3826982
1253172
3827059
1253249
3200797
3083238
3202557
3084998
3200768
3083209
3827021
1253211
3826990
1253180
3201042
3083483
513552
13782
13782
2134266
3201279
3083720
3202712
3085153
3201220
3083661
3201342
3083783
3202550
3084991
3202657
3085098
3202597
3085038
3201306
3083747
3202624
3085065
3200715
3083156
3826950
1253140
3200960
3083401
3201161
3083602
3200978
3083419
3202685
3085126
3201182
3083623
3200932
3083373
3202605
3085046
3201419
3083860
3200922
3083363
3200750
3083191
3200674
3083115
3200702
3083143
3200785
3083226
3201202
3083643
3201077
3083518
3201169
3083610
3202530
3084971
513632
13862
13862
2134346
3201427
3083868
3201474
3083915
3201190
3083631
3200883
3083324
3201316
3083757
3201194
3083635
3200907
3083348
3201017
3083458
3200887
3083328
3201147
3083588
3200743
3083184
3202527
3084968
3201187
3083628
3201009
3083450
3200876
3083317
3826997
1253187
3202517
3084958
3201233
3083674
513612
13842
13842
2134326
3201038
3083479
3202704
3085145
3201067
3083508
513585
13815
13815
2134299
3201056
3083497
3201447
3083888
3200688
3083129
3201029
3083470
3201114
3083555
3827081
1253271
3201320
3083761
3201481
3083922
3201143
3083584
3200855
3083296
3827038
1253228
513595
13825
13825
2134309
3201336
3083777
3202693
3085134
513572
13802
13802
2134286
3200671
3083112
3201313
3083754
3201014
3083455
3201230
3083671
3201140
3083581
3201156
3083597
3202591
3085032
3200953
3083394
487117
585211
585211
233158
233158
1939464
1939464
3108971
3108971
1777032
1777032
2656630
2656630
2858813
2858813
1192024
3201470
3083911
3201159
3083600
3200700
3083141
3201007
3083448
3201479
3083920
3827068
1253258
3200693
3083134
3200968
3083409
487113
585207
585207
233154
233154
1939460
1939460
3108967
3108967
1777028
1777028
2656626
2656626
2858809
2858809
1192020
3826984
1253174
513619
13849
13849
2134333
3202642
3085083
3827070
1253260
3201095
3083536
3201434
3083875
3826962
1253152
3200987
3083428
3200900
3083341
3200829
3083270
3202585
3085026
513556
13786
13786
2134270
3202669
3085110
3201109
3083550
3827015
1253205
3827042
1253232
3827061
1253251
3201283
3083724
3200803
3083244
3201259
3083700
3200761
3083202
3200971
3083412
3201389
3083830
3201329
3083770
3202580
3085021
3201415
3083856
3201241
3083682
3200695
3083136
513582
13812
13812
2134296
3826989
1253179
3202596
3085037
3202623
3085064
3200959
3083400
513594
13824
13824
2134308
3200670
3083111
3201155
3083596
487116
585210
585210
233157
233157
1939463
1939463
3108970
3108970
1777031
1777031
2656629
2656629
2858812
2858812
1192023
3826961
1253151
3200970
3083411
3201388
3083829
3201414
3083855
3826988
1253178
3202622
3085063
3200958
3083399
487115
585209
585209
233156
233156
1939462
1939462
3108969
3108969
1777030
1777030
2656628
2656628
2858811
2858811
1192022
3201413
3083854
3826987
1253177
3200957
3083398
3826986
1253176
