1253777
232617
1301493
3088785
3204065
623257
623257
3086506
3083950
620701
3086719
623470
625023
3087791
1751505
322285
1253071
2541426
3050374
902344
3087720
624952
329811
942140
3087933
625165
3050729
902699
3804258
246871
1222325
1382498
621624
3202432
1335948
3120853
1085325
1085099
18128
902272
248180
902770
622476
3203284
3548009
2948902
3088501
1301209
3085157
621908
514615
14845
14845
2135329
3120640
1335735
621979
3202787
488105
1750183
1750183
586199
586199
234146
234146
1940452
1940452
3109959
3109959
1778020
1778020
2657618
2657618
2859801
2859801
1193012
1300996
3088288
1301280
3088572
3548577
2949470
3828084
233114
233114
1254274
1381550
1223445
621837
3202645
3084802
621553
1749757
487679
1381621
1223516
1751504
322284
1253070
2541425
329810
942139
3804257
246870
1085324
1085098
248179
902769
248341
3835750
489491
1215894
1300995
3088287
3828083
233113
233113
1254273
1381549
1223444
621836
3202644
1381620
1223515
329809
942138
3804256
246869
1381548
1223443
3804255
246868
3804254
246867
3804253
246866
1253874
232714
1751518
322298
322298
2704624
2704624
3822111
3822111
1253084
1253084
2541439
3087730
624962
1300989
3088281
1222070
1383811
1253875
232715
3084278
621029
1383946
490567
1751519
322299
322299
2704625
2704625
3822112
3822112
1253085
1253085
2541440
3204057
3086498
3087731
624963
3088351
1301059
1301059
625583
1300990
3088282
3120111
1335206
3828068
233098
233098
1254258
1222059
1383800
1381932
1222950
1222071
1383812
3084634
621385
622660
3203468
1382221
1223239
621751
3202559
1750011
487933
1253876
232716
1384429
490176
248335
3835744
625545
1301021
3084279
621030
267121
480953
480953
1840352
1840352
330110
330110
942439
1383947
490568
1751520
322300
322300
2704626
2704626
3822113
3822113
1253086
1253086
2541441
902224
238314
3204058
3086499
3548011
2948904
902869
1386944
489114
1215766
3087916
625148
3087732
624964
3088352
1301060
1300991
3088283
1300585
625109
3120112
1335207
3828069
233099
233099
1254259
1222060
1383801
1381626
1223521
1381954
1222972
620313
3201121
1381933
1222951
1222072
1383813
3084635
621386
1382234
1223252
3083211
619962
622661
3203469
622882
3203690
3203690
3086131
623002
3203810
1382222
1223240
621752
3202560
1750012
487934
3202448
3084889
1253877
232717
3120661
1335756
1381646
1223541
3084805
621556
3088031
1300739
3828077
233107
233107
1254267
1384430
490177
1300967
3088259
3088259
625491
3120667
1335762
1215819
489416
248336
3835745
3086415
623166
1443202
1443105
1335941
3120846
3088338
1301046
489107
1215759
3050714
902684
625546
1301022
3084280
621031
1749737
487659
267122
480954
480954
1840353
1840353
330111
330111
942440
1383948
490569
3083194
619945
902813
17867
17867
238101
238101
248223
248223
1680534
1680534
3050843
622786
3203594
1751521
322301
322301
2704627
2704627
3822114
3822114
1253087
1253087
2541442
1254082
232922
3088334
1301042
620813
3201621
1335954
3120859
902225
238315
3204059
3086500
3548012
2948905
3086388
623139
902503
17557
902792
17846
1680513
3050822
227663
2357349
1301272
3088564
2657624
2859807
2859807
1193018
489115
1215767
3087917
625149
625026
3087794
3088506
1301214
3087733
624965
3088353
1301061
1385606
1385293
625020
3087788
1300992
3088284
1750008
487930
1192837
1218483
1381942
1222960
625356
1300832
1300586
625110
1253792
232632
3120113
1335208
3828070
233100
233100
1254260
1222061
1383802
3050412
3050324
3050324
1680817
1680817
18150
902382
902294
902294
238384
238384
248506
3084285
621036
406424
2902526
18121
902265
3050384
902354
1381627
1223522
1381955
1222973
620314
3201122
1381934
1222952
1253778
232618
3087743
624975
1750023
487945
1222073
1383814
1383930
490551
625436
1300912
1381557
1223452
3469495
1313888
3084636
621387
1382235
1223253
3203753
622945
902207
238297
3083212
619963
622662
3203470
622883
3203691
3203691
3086132
3086691
623442
623442
3204250
623003
3203811
1385744
1385431
3085787
622538
3120175
1335270
622155
3202963
1222642
1382815
1382223
1223241
3204159
3086600
3119681
1334776
488091
1750169
1750169
586185
586185
234132
234132
1940438
1940438
3109945
3109945
1778006
1778006
2657604
2657604
2859787
2859787
1192998
3203745
622937
1192658
1218303
1382076
1223094
3119669
1334764
1253787
232627
248329
3835738
621753
3202561
1750013
487935
3202449
3084890
3469474
1313867
1253806
232646
3120159
1335254
1253878
232718
3120662
1335757
1381945
1222963
1222659
1382832
15018
15235
3087725
624957
625428
1300904
3120637
1335732
1749734
487656
3088503
1301211
1750005
487927
3084806
621557
3828053
233083
233083
1254243
1381538
1223433
1301505
3088797
3088032
1300740
1335933
3120838
3828078
233108
233108
1254268
3204172
3086613
1382244
1223262
1382098
1223116
267103
480935
480935
1840334
1840334
330092
330092
942421
1222320
1382493
1300982
3088274
3088274
625506
1384431
490178
1300968
3088260
3088260
625492
1301512
3088804
1215820
489417
3548005
2948898
248337
3835746
1300605
3087897
489193
489442
3086416
623167
620461
3201269
1443203
1443106
1335942
3120847
3120099
1335194
3088339
1301047
3084266
621017
489108
1215760
3050715
902685
3084281
621032
1385752
1385439
1749738
487660
1301494
3088786
267123
480955
480955
1840354
1840354
330112
330112
942441
3547987
2948880
3050709
902679
1383949
490570
1301484
3088776
3083195
619946
902814
17868
17868
238102
238102
248224
248224
1680535
1680535
3050844
620289
3201097
622787
3203595
3469483
1313876
622889
3203697
3203697
3086138
1252683
1751117
1751117
2541038
1751522
322302
322302
2704628
2704628
3822115
3822115
1253088
1253088
2541443
3828062
233092
233092
1254252
1254083
232923
3050726
902696
902866
1386941
3088335
1301043
3083941
620692
620814
3201622
2351612
230713
1335955
3120860
1252652
1751086
1751086
2541007
2541007
3823025
3823025
323212
323212
2705538
1300609
3087901
1749743
487665
902226
238316
3204060
3086501
514621
14851
14851
2135335
3050698
902668
3548585
2949478
3548013
2948906
3086389
623140
902504
17558
902793
17847
1680514
3050823
227664
2357350
3204168
3086609
1301273
3088565
2357414
227012
489116
1215768
625359
1300835
489468
1215871
1385756
1385443
18101
902245
3204151
3086592
1252675
1751109
1751109
2541030
2541030
3823048
3823048
323235
323235
2705561
3087918
625150
1381616
1223511
625027
3087795
3088507
1301215
1085317
1085091
1253798
232638
620473
3201281
3087734
624966
3084794
621545
3083953
620704
1383960
490581
1385607
1385294
625021
3087789
3085155
621906
1300993
3088285
1253872
232712
1300987
3088279
1750009
487931
1192838
1218484
1381624
1223519
620311
3201119
1335939
3120844
902811
17865
17865
238099
238099
248221
248221
1680532
1680532
3050841
3086689
623440
623440
3204248
3120173
1335268
1381943
1222961
625357
1300833
621826
3202634
3202455
3084896
1300587
625111
1253793
232633
622482
3203290
3120114
1335209
3828071
233101
233101
1254261
489494
489245
1222062
1383803
3050413
3050325
3050325
1680818
1680818
18151
902383
902295
902295
238385
238385
248507
3084809
621560
3204044
3086485
3084286
621037
3547678
2948571
3828056
233086
233086
1254246
1253893
232733
3203749
622941
406425
2902527
621988
3202796
3085772
622523
622654
3203462
18122
902266
3050385
902355
902438
17492
622171
3202979
3084127
620878
1381628
1223523
621828
3202636
1381532
1223427
1381956
1222974
3202457
3084898
3085977
622728
620315
3201123
625364
1300840
1381935
1222953
3084788
621539
481820
1841219
1841219
329782
329782
942111
942111
267988
514617
14847
14847
2135331
267132
480964
480964
1840363
1253779
232619
1300452
624976
1215814
489411
621992
3202800
1300589
625113
15011
15228
1750024
487946
1222074
1383815
3083217
619968
1383931
490552
3083059
3200618
1381558
1223453
3469496
1313889
488108
1750186
1750186
586202
586202
234149
234149
1940455
1940455
3109962
3109962
1778023
1778023
2657621
2657621
2859804
2859804
1193015
1385763
1385450
3469471
1313864
1749731
487653
1218163
1749689
1253795
232635
622484
3203292
621840
3202648
3084415
621166
489198
489447
3204072
623264
3835840
3050249
902219
238309
1381552
1223447
621744
3202552
3204081
623273
3120116
1335211
3084637
621388
3085968
622719
1382236
1223254
3085139
621890
3203754
622946
3086710
623461
622804
3203612
3083944
620695
3083935
620686
3085776
622527
2992082
2993663
902208
238298
1381950
1222968
3828073
233103
233103
1254263
3083213
619964
622663
3203471
1085302
1085076
1085076
1085189
622884
3203692
3203692
3086133
622487
3203295
3086692
623443
623443
3204251
623004
3203812
2357425
227023
1385745
1385432
3085788
622539
620455
3201263
3086698
623449
489496
489247
3120176
1335271
622156
3202964
622471
3203279
622166
3202974
621851
3202659
3084622
621373
622459
3203267
3083122
619873
1254073
232913
3085986
622737
620817
3201625
3086400
623151
3085962
622713
623010
3086259
3086259
3203818
3547542
2948435
1222064
1383805
1222643
1382816
3084118
620869
1383184
1221483
1381541
1223436
622667
3203475
902427
17481
1382224
1223242
621846
3202654
3083958
620709
3204160
3086601
248163
902753
3119682
1334777
3203702
3086143
3204066
623258
623258
3086507
3468063
1316470
488092
1750170
1750170
586186
586186
234133
234133
1940439
1940439
3109946
3109946
1778007
1778007
2657605
2657605
2859788
2859788
1192999
1301277
3088569
3120108
1335203
1253803
232643
3203746
622938
3084124
620875
3085974
622725
622801
3203609
3083932
620683
621843
3202651
3548565
2949458
1192659
1218304
3087935
625167
2357418
227016
620805
3201613
3202462
3084903
3203766
3086207
3086207
622958
3050327
1680820
1680820
18153
902297
238387
238387
248509
1750001
487923
3547674
2948567
902215
238305
1382077
1223095
1221994
1383735
3547993
2948886
1385688
1385375
3084811
621562
3083064
3200623
3547698
2948591
3084418
621169
3204046
3086487
1385680
1385367
322315
2704641
2704641
3822128
3822128
1253101
3084288
621039
3119670
1334765
488082
1750160
1750160
586176
586176
234123
234123
1940429
1940429
3109936
3109936
1777997
1777997
2657595
2657595
2859778
2859778
1192989
622878
3203686
3203686
3086127
1253788
232628
248330
3835739
621630
3202438
621754
3202562
3084294
621045
1750014
487936
489201
489450
248170
902760
3823020
323207
3202450
3084891
1751512
322292
322292
2704618
2704618
3822105
3822105
1253078
1253078
2541433
3084133
620884
622858
3203666
621728
3202536
3469475
1313868
3548568
2949461
1301508
3088800
3050722
902692
3547680
2948573
1222654
1382827
3050335
1680828
1680828
18161
18161
3835926
902452
17506
3088035
1300743
3084643
621394
1253807
232647
1335936
3120841
1384439
490186
3085149
621900
3120160
1335255
3547704
2948597
625050
3087818
1382081
1223099
1221998
1383739
1253879
232719
3120663
1335758
3828058
233088
233088
1254248
1381946
1222964
17955
902099
1222660
1382833
3088011
1300719
3547686
2948579
3204075
623267
622102
3202910
489485
1215888
3085143
621894
15019
15236
625043
3087811
1749753
487675
3087726
624958
620801
3201609
1254089
232929
625429
1300905
1253895
232735
3120638
1335733
3828081
233111
233111
1254271
622658
3203466
902222
238312
621638
3202446
3202446
3084887
3088257
625489
1749735
487657
3088504
1301212
1750006
487928
1381555
1223450
3203751
622943
3119679
1334774
3203743
622935
1300980
3088272
3088272
625504
406427
2902529
3083951
620702
3084807
621558
3828054
233084
233084
1254244
621990
3202798
3085774
622525
1381539
1223434
3203764
3086205
3086205
622956
1301506
3088798
3088033
1300741
1335934
3120839
3547684
2948577
3828079
233109
233109
1254269
622656
3203464
3204173
3086614
1300978
3088270
3088270
625502
1382245
1223263
1382099
1223117
267104
480936
480936
1840335
1840335
330093
330093
942422
1254104
232944
3547997
2948890
1222321
1382494
1300983
3088275
3088275
625507
1383180
1221479
1384432
490179
1301284
3088576
1300969
3088261
3088261
625493
3088024
1300732
1215821
489418
1382247
1223265
3548006
2948899
248338
3835747
1383943
490564
3469480
1313873
1300606
3087898
3085983
622734
248160
902750
621635
3202443
3202443
3084884
238090
248212
2357431
227029
238093
248215
18124
902268
1253889
232729
489194
489443
514626
14856
14856
2135340
1382101
1223119
3050387
902357
3086217
622968
3086417
623168
620462
3201270
622774
3203582
3084628
621379
902440
17494
1335943
3120848
489473
1215876
622173
3202981
3120100
1335195
3088340
1301048
1385692
1385379
3084129
620880
1381630
1223525
1335963
3120868
1085330
1085104
1751530
322310
322310
2704636
2704636
3822123
3822123
1253096
1253096
2541451
2541451
1251799
373941
372452
620478
3201286
1252664
1751098
1751098
2541019
2541019
3823037
3823037
323224
323224
2705550
3084267
621018
621830
3202638
17951
902095
489109
1215761
3050716
902686
902802
17856
17856
1680523
1680523
3050832
623017
3086266
3086266
3203825
267106
480938
480938
1840337
1840337
330095
330095
942424
17934
902078
620795
3201603
3088348
1301056
1301056
625580
1381929
1222947
3086412
623163
3084282
621033
1385753
1385440
623422
3204230
229043
2353909
227659
2357345
1749739
487661
248156
902746
1301495
3088787
267124
480956
480956
1840355
1840355
330113
330113
942442
3547988
2948881
14926
15143
621084
3201892
622648
3203456
622465
3203273
3050710
902680
1381534
1223429
621090
3201898
3084430
621181
619804
3200612
1385617
1385304
3088324
1301032
1383950
490571
1301499
3088791
3085783
622534
1253868
232708
1301485
3088777
3083196
619947
406415
2902517
15005
15222
1382095
1223113
3202459
3084900
3083068
3200627
3085979
622730
489181
489430
902815
17869
17869
238103
238103
248225
248225
1680536
1680536
3050845
1222299
1382472
620290
3201098
481840
1841239
1841239
329802
329802
942131
942131
268008
623425
3204233
622788
3203596
229749
2352365
3088520
1301228
489173
489422
3469484
1313877
621747
3202555
1253783
232623
3203698
3086139
902448
17502
3086408
623159
489185
489434
625345
1300821
1381937
1222955
1751523
322303
322303
2704629
2704629
3822116
3822116
1253089
1253089
2541444
227075
2357477
1749747
487669
3547999
2948892
621216
3202024
3084790
621541
3828063
233093
233093
1254253
3120166
1335261
1381639
1223534
481822
1841221
1841221
329784
329784
942113
942113
267990
1254084
232924
3050727
902697
1222323
1382496
902867
1386942
3088029
1300737
3088336
1301044
620811
3201619
625024
3087792
1301482
3088774
514619
14849
14849
2135333
489466
1215869
1300985
3088277
3088277
625509
902436
17490
3083942
620693
2992080
2993661
2357423
227021
622164
3202972
620815
3201623
1383182
1221481
1384442
490189
1221992
1383733
1385678
1385365
1222652
1382825
1253887
232727
1751528
322308
322308
2704634
2704634
3822121
3822121
1253094
1253094
2541449
2541449
1251797
1382093
1223111
1253781
232621
2357421
227019
1253885
232725
2351613
230714
1381634
1223529
1335956
3120861
1252653
1751087
1751087
2541008
2541008
3823026
3823026
323213
323213
2705539
1751506
322286
3822099
1253072
1253072
2541427
902234
238324
1300610
3087902
1384434
490181
625036
3087804
1300971
3088263
3088263
625495
1300454
624978
1381545
1223440
1215816
489413
1750020
487942
1383177
1221476
3203773
3086214
3086214
622965
2351615
230716
17931
902075
1381926
1222944
1749744
487666
1381636
1223531
902227
238317
3204061
3086502
1749997
487919
3203760
3086201
3086201
622952
514622
14852
14852
2135336
1300591
625115
3050699
902669
622672
3203480
3120643
1335738
15013
15230
621735
3202543
1443194
1443097
1383261
1221560
3548586
2949479
1254098
232938
267114
480946
480946
1840345
1840345
330103
330103
942432
2357434
227032
3548014
2948907
1085306
1085080
1085080
1085193
3086390
623141
406420
2902522
1750026
487948
1222076
1383817
902505
17559
3804260
246873
1383933
490554
514630
14860
14860
2135344
625031
3087799
3120119
1335214
3468069
1316476
902819
17873
17873
238107
238107
248229
248229
1680540
1680540
3050849
1222327
1382500
902794
17848
1680515
3050824
14946
15163
902457
17511
1222303
1382476
620297
3201105
227665
2357351
1335958
3120863
1222311
1382484
1268467
1268682
1252655
1751089
1751089
2541010
2541010
3823028
3823028
323215
323215
2705541
620303
3201111
3119658
1334753
622795
3203603
3204169
3086610
1840331
330089
330089
942418
2993624
2992044
1218236
1749762
1749762
487684
18098
902242
3204148
3086589
3085152
621903
902808
17862
17862
238096
238096
248218
248218
1680529
1680529
3050838
3526196
3526235
3086707
623458
1301274
3088566
2357415
227013
3083061
3200620
3084640
621391
373938
372449
623419
3204227
3120163
1335258
3088026
1300734
620808
3201616
623416
3204224
489117
1215769
3120092
1335187
14931
15148
625360
1300836
489469
1215872
3084617
621368
1385673
1385360
18112
902256
3050375
902345
489102
1215754
3088511
1301219
3202465
3084906
1385757
1385444
489120
1215772
3087739
624971
3087721
624953
3548561
2949454
1751508
322288
322288
2704614
2704614
3822101
3822101
1253074
1253074
2541429
1192695
1218341
3119664
1334759
3084425
621176
902236
238326
1315819
3471429
3083071
3200630
18102
902246
2797755
2797803
3050397
3050309
3050309
1680802
1680802
18135
902367
902279
902279
238369
238369
248491
3204152
3086593
1252676
1751110
1751110
2541031
2541031
3823049
3823049
323236
323236
2705562
3088247
625479
3087919
625151
1300612
3087904
3087904
625136
625337
1300813
622867
3203675
3203675
3086116
1085321
1085095
1381617
1223512
623437
3204245
3085971
622722
1384436
490183
625342
1300818
625028
3087796
17880
238114
238114
248236
248236
1680547
1268464
1268679
3086704
623455
3088508
1301216
3050394
3050306
3050306
1680799
1680799
18132
902364
902276
902276
238366
1085318
1085092
1301489
3088781
1253799
232639
620474
3201282
1382085
1223103
3087924
625156
625038
3087806
3088017
1300725
3120095
1335190
902230
238320
3087735
624967
621619
3202427
1300973
3088265
3088265
625497
3084795
621546
1222635
1382808
1381560
1223455
14934
15151
3083954
620705
3203769
3086210
3086210
622961
514638
14868
14868
2135352
1300456
624980
1385608
1385295
3469498
1313891
1382239
1223257
3050330
1680823
1680823
18156
902300
238390
238390
248512
3087910
625142
1300597
3087889
1301492
3088784
3204064
623256
623256
3086505
3086718
623469
1215823
489420
625022
3087790
1382249
1223267
621623
3202431
18127
902271
3548008
2948901
3085156
621907
488104
1750182
1750182
586198
586198
234145
234145
1940451
1940451
3109958
3109958
1778019
1778019
2657617
2657617
2859800
2859800
1193011
3548576
2949469
248340
3835749
489490
1215893
1300994
3088286
1381547
1223442
1253873
232713
1751517
322297
322297
2704623
2704623
3822110
3822110
1253083
1253083
2541438
1300988
3088280
1222069
1383810
1383945
490566
3828067
233097
233097
1254257
1382220
1223238
1750010
487932
248334
3835743
267120
480952
480952
1840351
1840351
330109
330109
942438
1381625
1223520
620312
3201120
1382233
1223251
3120660
1335755
1215818
489415
1443201
1443104
1335940
3120845
3083193
619944
902812
17866
17866
238100
238100
248222
248222
1680533
1680533
3050842
227662
2357348
488110
1750188
1750188
586204
586204
234151
234151
1940457
1940457
3109964
3109964
1778025
1778025
2657623
2657623
2859806
2859806
1193017
625355
1300831
3050411
3050323
3050323
1680816
1680816
18149
902381
902293
902293
238383
238383
248505
18120
902264
3050383
902353
1750022
487944
1385765
1385452
3469494
1313887
902206
238296
3086690
623441
623441
3204249
3120174
1335269
3204158
3086599
488090
1750168
1750168
586184
586184
234131
234131
1940437
1940437
3109944
3109944
1778005
1778005
2657603
2657603
2859786
2859786
1192997
3119668
1334763
3469473
1313866
1381944
1222962
1222658
1382831
1749733
487655
1750004
487926
1218165
1749691
3469482
1313875
622888
3203696
3203696
3086137
1300608
3087900
1749742
487664
3548584
2949477
2357413
227011
625358
1300834
1253797
232637
3120172
1335267
621825
3202633
622481
3203289
3547677
2948570
1253892
232732
3085771
622522
621827
3202635
1222664
1382837
3202456
3084897
625363
1300839
481819
1841218
1841218
329781
329781
942110
942110
267987
1215813
489410
1300588
625112
15010
15227
1385762
1385449
1253794
232634
622483
3203291
621839
3202647
489197
489446
3835839
3050248
902218
238308
3120115
1335210
3085138
621889
3828072
233102
233102
1254262
1085301
1085075
1085075
1085188
622486
3203294
620454
3201262
3086697
623448
489495
489246
3084621
621372
622458
3203266
3083121
619872
3085985
622736
3085961
622712
623009
3086258
3086258
3203817
1222063
1383804
248162
902752
3468062
1316469
1253802
232642
3083931
620682
621842
3202650
3087934
625166
3050326
1680819
1680819
18152
902296
238386
238386
248508
1750000
487922
3084810
621561
3547697
2948590
3084417
621168
3204045
3086486
1751534
322314
322314
2704640
2704640
3822127
3822127
1253100
1253100
2541455
3084287
621038
488081
1750159
1750159
586175
586175
234122
234122
1940428
1940428
3109935
3109935
1777996
1777996
2657594
2657594
2859777
2859777
1192988
622877
3203685
3203685
3086126
489200
489449
248169
902759
227080
2357482
3050721
902691
3547679
2948572
813532
2768372
3085148
621899
1382080
1223098
1221997
1383738
3828057
233087
233087
1254247
3204074
623266
3085142
621893
1749752
487674
1253894
232734
3835842
3050251
902221
238311
621637
3202445
3202445
3084886
3088256
625488
1381554
1223449
3203750
622942
3119678
1334773
3203742
622934
406426
2902528
621989
3202797
3085773
622524
3203763
3086204
3086204
622955
622655
3203463
1300977
3088269
3088269
625501
1254103
232943
3547996
2948889
1383179
1221478
1301283
3088575
3088023
1300731
3085982
622733
248159
902749
621634
3202442
2357430
227028
238092
248214
18123
902267
514625
14855
14855
2135339
3050386
902356
3086216
622967
3084627
621378
902439
17493
489472
1215875
622172
3202980
1385691
1385378
3084128
620879
1381629
1223524
1335962
3120867
1085329
1085103
620477
3201285
1252663
1751097
1751097
2541018
2541018
3823036
3823036
323223
323223
2705549
621829
3202637
17950
902094
17933
902077
620794
3201602
1381928
1222946
229042
2353908
227658
2357344
1383267
1221566
621083
3201891
622647
3203455
622464
3203272
1381533
1223428
621089
3201897
3084429
621180
619803
3200611
1385616
1385303
3088323
1301031
1301498
3088790
3085782
622533
1253867
232707
1381957
1222975
406414
2902516
3202458
3084899
3083067
3200626
3085978
622729
489180
489429
481839
1841238
1841238
329801
329801
942130
942130
268007
3088519
1301227
625365
1300841
621746
3202554
902447
17501
489184
489433
1381936
1222954
227074
2357476
1749746
487668
621215
3202023
3084789
621540
1381638
1223533
481821
1841220
1841220
329783
329783
942112
942112
267989
514618
14848
14848
2135332
902435
17489
1221991
1383732
1385677
1385364
1253780
232620
1253884
232724
1300453
624977
1215815
489412
1750019
487941
1192554
1218200
1383176
1221475
1749996
487918
3203759
3086200
3086200
622951
1300590
625114
622671
3203479
3120642
1335737
15012
15229
621734
3202542
2357433
227031
1750025
487947
1222075
1383816
3804259
246872
1383932
490553
514629
14859
14859
2135343
3120118
1335213
902818
17872
17872
238106
238106
248228
248228
1680539
1680539
3050848
1222326
1382499
902456
17510
1222302
1382475
620296
3201104
1222310
1382483
14951
15168
1218235
1749761
1749761
487683
902807
17861
17861
238095
238095
248217
248217
1680528
1680528
3050837
3083060
3200619
3084639
621390
1192694
1218340
625336
1300812
3085970
622721
625341
1300817
17879
238113
238113
248235
248235
1680546
1268463
1268678
3050393
3050305
3050305
1680798
1680798
18131
902363
902275
902275
238365
1382084
1223102
3088016
1300724
902229
238319
621618
3202426
1381559
1223454
238399
248521
3469497
1313890
1382238
1223256
3204063
3086504
18126
902270
267119
480951
480951
1840350
1840350
330108
330108
942437
488109
1750187
1750187
586203
586203
234150
234150
1940456
1940456
3109963
3109963
1778024
1778024
2657622
2657622
2859805
2859805
1193016
1385764
1385451
3469493
1313886
488089
1750167
1750167
586183
586183
234130
234130
1940436
1940436
3109943
3109943
1778004
1778004
2657602
2657602
2859785
2859785
1192996
3469472
1313865
1749732
487654
1218164
1749690
1253796
232636
3120171
1335266
1253891
232731
3085770
622521
489196
489445
622485
3203293
620453
3201261
3086696
623447
3084620
621371
622457
3203265
3083120
619871
623008
3086257
3086257
3203816
3468061
1316468
621841
3202649
1749999
487921
3084416
621167
489199
489448
3204073
623265
3085141
621892
3119688
1334783
3835841
3050250
902220
238310
3088255
625487
1381553
1223448
3203762
3086203
3086203
622954
2357429
227027
514624
14854
14854
2135338
1385615
1385302
3088322
1301030
621745
3202553
621214
3202022
1385676
1385363
1750018
487940
1383175
1221474
3204082
623274
514628
14858
14858
2135342
3120117
1335212
3084638
621389
3085969
622720
3088015
1300723
238398
248520
1382237
1223255
3120170
1335265
3083119
619870
3085140
621891
514646
14876
14876
2135360
3083118
619869
514645
14875
14875
2135359
3083117
619868
514644
14874
14874
2135358
514643
14873
14873
2135357
514642
14872
14872
2135356
489478
1215881
489479
1215882
489480
1215883
489481
1215884
1300593
625117
1382103
1223121
3203755
622947
3050389
237647
622179
3202987
3050701
902671
445217
619984
3086711
623462
3083945
620696
622674
3203482
3083936
620687
621625
3202433
3085777
622528
445212
619979
3120645
1335740
3547690
2948583
902209
238299
3083204
619955
17940
902084
1335949
3120854
14941
15158
3084799
621550
1381951
1222969
3828074
233104
233104
1254264
15015
15232
1385749
1385436
3083214
619965
622664
3203472
3547701
2948594
489482
1215885
1085303
1085077
1085077
1085190
1300594
625118
622885
3203693
3203693
3086134
621822
3202630
622488
3203296
1085326
1085100
3203756
3086197
3086197
622948
620293
3201101
3050390
237648
3086693
623444
623444
3204252
623005
3203813
2357426
227024
902305
238395
238395
248517
1385746
1385433
620464
3201272
622180
3202988
3085789
622540
3050702
902672
621737
3202545
620456
3201264
267127
480959
480959
1840358
1840358
330116
330116
942445
1443196
1443099
3086699
623450
445218
619985
489497
489248
3086712
623463
3120177
1335272
622776
3203584
1215793
489390
622157
3202965
3083946
620697
622472
3203280
481843
1841242
1841242
329805
329805
942134
942134
268011
3084630
621381
1913154
1910250
622675
3203483
3083937
620688
622167
3202975
621626
3202434
3084421
621172
3084382
621133
3084623
621374
622460
3203268
3085778
622529
445213
619980
623428
3204236
3204049
3086490
3120646
1335741
1254074
232914
3085987
622738
1383955
490576
1382088
1223106
18115
902259
3050378
902348
902442
17496
3547691
2948584
620818
3201626
3086401
623152
3085963
622714
902210
238300
3083205
619956
620467
3201275
623011
3086260
3086260
3203819
3547543
2948436
1222065
1383806
1383263
1221562
621614
3202422
1301143
625667
3548588
2949481
3084782
621533
1383169
1221468
1222644
1382817
3084119
620870
1383185
1221484
1222001
1383742
1335945
3120850
1381542
1223437
3050408
3050320
3050320
1680813
1680813
18146
902378
902290
902290
238380
238380
248502
1254100
232940
481836
1841235
1841235
329798
329798
942127
942127
268004
622668
3203476
267116
480948
480948
1840347
1840347
330105
330105
942434
489475
1215878
17941
902085
902428
17482
1382225
1223243
1268443
1268658
14997
15214
3085792
622543
1335950
3120855
3050705
902675
621740
3202548
621847
3202655
2357436
227034
14942
15159
622175
3202983
3083959
620710
3204161
3086602
248164
902754
3119683
1334778
1085308
1085082
1085082
1085195
3086392
623143
3203703
3086144
3204067
623259
623259
3086508
3468064
1316471
623432
3204240
3120102
1335197
3087927
625159
17944
902088
488093
1750171
1750171
586187
586187
234134
234134
1940440
1940440
3109947
3109947
1778008
1778008
2657606
2657606
2859789
2859789
1193000
3083200
619951
1385683
1385370
3088525
1301233
3088342
1301050
1301278
3088570
3084800
621551
3204055
3086496
3120109
1335204
3086272
3203831
1381952
1222970
3828075
233105
233105
1254265
489105
1215757
622784
3203592
406422
2902524
622153
3202961
1253804
232644
15016
15233
1385694
1385381
620459
3201267
1385750
1385437
620309
3201117
3203747
622939
3084125
620876
3085975
622726
267130
480962
480962
1840361
3083215
619966
3204079
623271
622802
3203610
3083933
620684
622665
3203473
621844
3202652
3547991
2948884
3084131
620882
3548566
2949459
3547702
2948595
489483
1215886
1192660
1218305
2351389
230490
2357419
227017
1381632
1223527
1443192
1443095
1254096
232936
1085304
1085078
1085078
1085191
620806
3201614
14929
15146
3202463
3084904
3203767
3086208
3086208
622959
3050328
1680821
1680821
18154
902298
238388
238388
248510
1300595
3087887
1443199
1443102
1750002
487924
622886
3203694
3203694
3086135
3548582
2949475
621823
3202631
3547675
2948568
902216
238306
1751532
322312
322312
2704638
2704638
3822125
3822125
1253098
1253098
2541453
2541453
1251801
1382078
1223096
1221995
1383736
3547994
2948887
1385689
1385376
1085327
1085101
620792
3201600
3084812
621563
3083065
3200624
902433
17487
3203757
3086198
3086198
622949
620294
3201102
3050391
3050303
18129
237649
902361
902273
3086694
623445
623445
3204253
623006
3203814
2357427
227025
902509
17563
902306
238396
238396
248518
14939
15156
322318
2704644
2704644
3822131
1385747
1385434
3547699
2948592
1913152
1910248
3084419
621170
3204047
3086488
620465
3201273
3085790
622541
3050703
902673
621738
3202546
1385681
1385368
3204053
3086494
620457
3201265
267128
480960
480960
1840359
330117
942446
2351387
230488
1443197
1443100
902431
17485
902507
17561
322316
2704642
2704642
3822129
3822129
1253102
3804262
246875
3084289
621040
1382228
1223246
619798
3200606
622791
3203599
3086700
623451
3804264
246877
3119671
1334766
1383935
490556
445219
619986
489498
489249
3086713
623464
3120178
1335273
514632
14862
14862
2135346
488083
1750161
1750161
586177
586177
234124
234124
1940430
1940430
3109937
3109937
1777998
1777998
2657596
2657596
2859779
2859779
1192990
622777
3203585
1215794
489391
622158
3202966
622871
3203679
3203679
3086120
620284
3201092
3083947
620698
622473
3203281
481844
1841243
1841243
329806
329806
942135
942135
268012
1222056
1383797
3084631
621382
622879
3203687
3203687
3086128
1913155
1910251
1253789
232629
622676
3203484
1315823
3471433
248181
902771
3083938
620689
622168
3202976
621627
3202435
3084291
621042
625033
3087801
3084422
621173
248331
3835740
1382230
1223248
481816
1841215
1841215
329778
942107
267984
621631
3202439
621755
3202563
3084624
621375
1252660
1751094
1751094
2541015
2541015
3823033
3823033
323220
323220
2705546
622461
3203269
3085779
622530
1750015
487937
445214
619981
481833
1841232
1841232
329795
329795
942124
942124
268001
623429
3204237
620480
3201288
3204050
3086491
481813
1841212
1841212
329775
942104
267981
3120647
1335742
3120121
1335216
1254075
232915
3088329
1301037
248171
902761
3085988
622739
3823021
323208
323208
2705534
1085313
1085087
1383956
490577
3202451
3084892
1382089
1223107
1840327
330085
488100
1750178
1750178
586194
586194
234141
234141
1940447
1940447
3109954
3109954
1778015
1778015
2657613
2657613
2859796
2859796
1193007
1751513
322293
322293
2704619
2704619
3822106
3822106
1253079
1253079
2541434
18116
902260
3050379
902349
902443
17497
902821
17875
17875
238109
238109
248231
248231
1680542
1680542
3050851
3084134
620885
622859
3203667
1252666
1751100
1751100
2541021
2541021
3823039
3823039
323226
323226
2705552
3547692
2948585
620819
3201627
902496
17550
1222329
1382502
621729
3202537
3084138
620889
3086402
623153
3084269
621020
3085964
622715
902211
238301
3469476
1313869
3548569
2949462
3083206
619957
620468
3201276
623012
3086261
3086261
3203820
3083188
619939
902796
17850
1680517
3050826
1215807
489404
3120650
1335745
248326
3835735
1301509
3088801
3050723
902693
3569879
388966
3547544
2948437
3547681
2948574
1222066
1383807
1222655
1382828
3050336
1680829
1680829
18162
18162
3835927
3119675
1334770
1383264
1221563
619800
3200608
902453
17507
14948
15165
621615
3202423
3088036
1300744
1215804
489401
1215801
489398
1301144
625668
489189
489438
3548589
2949482
3088007
1300715
489128
1215780
3084783
621534
3084644
621395
489461
1215864
3088514
1301222
1222305
1382478
1383170
1221469
3202468
3084909
1222645
1382818
621832
3202640
1254078
232918
3084120
620871
620299
3201107
622477
3203285
620449
3201257
1253808
232648
1383186
1221485
625349
1300825
1222315
1382488
1222002
1383743
18106
902250
3050402
3050314
3050314
1680807
1680807
18140
902372
902284
902284
238374
238374
248496
229752
2352368
1335946
3120851
3088499
1301207
3088332
1301040
902501
17555
1335937
3120842
2797759
2797807
17953
902097
625041
3087809
1384440
490187
1381543
1223438
17929
902073
267112
480944
480944
1840343
1840343
330101
330101
942430
622793
3203601
3085150
621901
3120161
1335256
1300460
624984
3086702
623453
625353
1300829
3050409
3050321
3050321
1680814
1680814
18147
902379
902291
902291
238381
238381
248503
1385760
1385447
1254101
232941
1335960
3120865
621087
3201895
481837
1841236
1841236
329799
329799
942128
942128
268005
1221989
1383730
1253882
232722
622669
3203477
3804266
246879
1268461
1268676
1382082
1223100
267117
480949
480949
1840348
1840348
330106
330106
942435
3469491
1313884
489476
1215879
1221999
1383740
17942
902086
3088523
1301231
902429
17483
1382226
1223244
3083186
619937
3119673
1334768
1222313
1382486
1253880
232720
489123
1215775
622106
3202914
1268444
1268659
14998
15215
1383937
490558
445221
619988
489111
1215763
3120664
1335759
1335951
3120856
1385603
1385290
1222639
1382812
489500
489251
3084263
621014
3050706
902676
3828059
233089
233089
1254249
3204165
3086606
621985
3202793
622651
3203459
621741
3202549
1381947
1222965
622468
3203276
621848
3202656
3086397
623148
17956
902100
248153
902743
2357437
227035
14943
15160
3086715
623466
3691262
1423997
3548573
2949466
1222661
1382834
3120180
1335275
3050718
902688
902804
17858
17858
1680525
1680525
3050834
1268469
1268684
1385612
1385299
3088012
1300720
622176
3202984
445209
619976
3547687
2948580
3083960
620711
3204076
623268
1254093
232933
1252657
1751091
1751091
2541012
2541012
3823030
3823030
323217
323217
2705543
489125
1215777
1268458
1268673
622103
3202911
3204162
3086603
1385621
1385308
3547983
2948876
622863
3203671
514634
14864
14864
2135348
489486
1215889
248165
902755
3085144
621895
622108
3202916
488085
1750163
1750163
586179
586179
234126
234126
1940432
1940432
3109939
3109939
1778000
1778000
2657598
2657598
2859781
2859781
1192992
3119684
1334779
15020
15237
623019
3086268
3086268
3203827
622149
3202957
620305
3201113
1085309
1085083
267108
480940
480940
1840339
1840339
330097
330097
942426
621981
3202789
3086393
623144
248174
902764
3203704
3086145
3085133
621884
622779
3203587
1215796
489393
1268446
1268661
3204068
623260
623260
3086509
622160
3202968
3468065
1316472
623433
3204241
622873
3203681
3203681
3086122
489176
489425
17936
902080
3120103
1335198
15000
15217
3087928
625160
17945
902089
625044
3087812
488094
1750172
1750172
586188
586188
234135
234135
1940441
1940441
3109948
3109948
1778009
1778009
2657607
2657607
2859790
2859790
1193001
1749754
487676
3087727
624959
1381643
1223538
625433
1300909
620286
3201094
620802
3201610
1383258
1221557
3120657
1335752
3088020
1300728
3083201
619952
1254090
232930
625430
1300906
1382072
1223090
1385684
1385371
1383939
490560
3119660
1334755
3469487
1313880
1252670
1751104
1751104
2541025
2541025
3823043
3823043
323230
323230
2705556
1253896
232736
622797
3203605
620797
3201605
3088526
1301234
3088343
1301051
3083949
620700
622475
3203283
3120639
1335734
621978
3202786
1301279
3088571
3084801
621552
1751503
322283
1253069
2541424
248178
902768
3828082
233112
233112
1254272
329808
942137
3084277
621028
3204056
3086497
3088350
1301058
1301058
625582
3120110
1335205
1222058
1383799
1381931
1222949
3084633
621384
622659
3203467
621750
3202558
902223
238313
3548010
2948903
489113
1215765
3087915
625147
1300584
625108
1381953
1222971
3083210
619961
622881
3203689
3203689
3086130
621945
3202753
623001
3203809
3202447
3084888
3084804
621555
3828076
233106
233106
1254266
1300966
3088258
3088258
625490
3120666
1335761
3086414
623165
489106
1215758
3050713
902683
1749736
487658
3202474
3084915
622785
3203593
1335953
3120858
3086387
623138
1913157
1910253
1301271
3088563
3088505
1301213
1385605
1385292
625019
3087787
1750007
487929
1192836
1218482
1381941
1222959
1253791
232631
3084284
621035
406423
2902525
3087742
624974
1381556
1223451
3203752
622944
622154
3202962
1222641
1382814
3119680
1334775
3203744
622936
1382075
1223093
1253786
232626
1253805
232645
15017
15234
3087724
624956
625427
1300903
3120636
1335731
3088502
1301210
1381537
1223432
1335932
3120837
3204171
3086612
267102
480934
480934
1840333
1840333
330091
330091
942420
1222319
1382492
1300981
3088273
3088273
625505
625086
3087854
3548004
2948897
1300604
3087896
2993626
2992046
3085158
621909
489192
489441
620460
3201268
3120098
1335193
3084265
621016
1385751
1385438
3547986
2948879
3548592
2949485
2352145
229529
3050708
902678
248183
902773
3828061
233091
233091
1254251
3083940
620691
2541006
3823024
3823024
323211
323211
2705537
3204167
3086608
1385755
1385442
18100
902244
3204150
3086591
1381615
1223510
1085316
1085090
620472
3201280
3083952
620703
1383959
490580
3085154
621905
620310
3201118
902810
17864
17864
238098
238098
248220
248220
1680531
1680531
3050840
3202454
3084895
489493
489244
3084808
621559
3828055
233085
233085
1254245
3203748
622940
621987
3202795
622653
3203461
622170
3202978
3084126
620877
3085976
622727
3084787
621538
514616
14846
14846
2135330
267131
480963
480963
1840362
621991
3202799
3083216
619967
3083058
3200617
488107
1750185
1750185
586201
586201
234148
234148
1940454
1940454
3109961
3109961
1778022
1778022
2657620
2657620
2859803
2859803
1193014
1193014
1218659
3469470
1313863
621743
3202551
3204080
623272
3086709
623460
622803
3203611
3083934
620685
3085775
622526
1381949
1222967
622470
3203278
621850
3202658
3086399
623150
1381540
1223435
622666
3203474
621845
3202653
3203701
3086142
1301276
3088568
3120107
1335202
3548564
2949457
2357417
227015
3203765
3086206
3086206
622957
3547992
2948885
1385687
1385374
3083063
3200622
621629
3202437
3084293
621044
1751511
322291
322291
2704617
2704617
3822104
3822104
1253077
1253077
2541432
3084132
620883
621727
3202535
3548567
2949460
1301507
3088799
902451
17505
3088034
1300742
3084642
621393
1335935
3120840
3547703
2948596
625049
3087817
3088010
1300718
3547685
2948578
489484
1215887
3828080
233110
233110
1254270
622657
3203465
3204174
3086615
1300979
3088271
3088271
625503
1382246
1223264
1383942
490563
238089
248211
1192661
1218306
1382100
1223118
622773
3203581
373940
372451
902801
17855
17855
1680522
1680522
3050831
623016
3086265
3086265
3203824
267105
480937
480937
1840336
1840336
330094
330094
942423
3088347
1301055
1301055
625579
3086411
623162
623421
3204229
248155
902745
15004
15221
623424
3204232
229748
2352364
3086407
623158
3547998
2948891
3120165
1335260
1222322
1382495
3088028
1300736
620810
3201618
1301481
3088773
489465
1215868
1300984
3088276
3088276
625508
2992079
2993660
2351390
230491
1383181
1221480
1222651
1382824
1751527
322307
322307
2704633
2704633
3822120
3822120
1253093
1253093
2541448
2541448
1251796
1382092
1223110
2357420
227018
1381633
1223528
902233
238323
1384433
490180
625035
3087803
1300970
3088262
3088262
625494
1443193
1443096
1254097
232937
1085305
1085079
1085079
1085192
14945
15162
1840330
330088
330088
942417
3204147
3086588
623418
3204226
3088025
1300733
620807
3201615
14930
15147
3084616
621367
18111
902255
3202464
3084905
489119
1215771
3087738
624970
3204321
623513
3119663
1334758
3084424
621175
622866
3203674
3120094
1335189
14933
15150
3203768
3086209
3086209
622960
514637
14867
14867
2135351
3050329
1680822
1680822
18155
902299
238389
238389
248511
3087909
625141
1300596
3087888
3086717
623468
1215822
489419
1382248
1223266
621622
3202430
3548007
2948900
488103
1750181
1750181
586197
586197
234144
234144
1940450
1940450
3109957
3109957
1778018
1778018
2657616
2657616
2859799
2859799
1193010
3548575
2949468
248339
3835748
489489
1215892
1751516
322296
322296
2704622
2704622
3822109
3822109
1253082
1253082
2541437
1383944
490565
248333
3835742
1382232
1223250
1443200
1443103
3083192
619943
227661
2357347
18119
902263
3050382
902352
3204157
3086598
3119667
1334762
1750003
487925
3469481
1313874
622887
3203695
3203695
3086136
1300607
3087899
1749741
487663
3548583
2949476
2357412
227010
621824
3202632
3547676
2948569
621093
3201901
1222663
1382836
625362
1300838
481818
1841217
1841217
329780
329780
942109
942109
267986
1215812
489409
3835838
3050247
902217
238307
1085300
1085074
1085074
1085187
3085984
622735
248161
902751
3547696
2948589
1751533
322313
322313
2704639
2704639
3822126
3822126
1253099
1253099
2541454
248168
902758
227079
2357481
3050720
902690
3085147
621898
1382079
1223097
1221996
1383737
1749751
487673
621636
3202444
3202444
3084885
1300976
3088268
3088268
625500
3547995
2948888
248158
902748
621633
3202441
238091
248213
621757
3202565
3084626
621377
489471
1215874
1385690
1385377
1085328
1085102
1252662
1751096
1751096
2541017
2541017
3823035
3823035
323222
323222
2705548
620793
3201601
227657
2357343
621082
3201890
622646
3203454
622463
3203271
3084428
621179
1301497
3088789
3085781
622532
3083066
3200625
3088518
1301226
902446
17500
902434
17488
1192553
1218199
1749995
487917
3203758
3086199
3086199
622950
3120641
1335736
2357432
227030
620295
3201103
1222309
1382482
1218234
1749760
1749760
487682
902806
17860
17860
238094
238094
248216
248216
1680527
1680527
3050836
17878
238112
238112
248234
248234
1680545
3050392
3050304
902362
902274
18125
902269
488088
1750166
1750166
586182
586182
234129
234129
1940435
1940435
3109942
3109942
1778003
1778003
2657601
2657601
2859784
2859784
1192995
1253890
232730
489195
489444
3086695
623446
623446
3204254
3084619
621370
623007
3086256
3086256
3203815
3119687
1334782
3088254
625486
2357428
227026
1385614
1385301
1385675
1385362
1750017
487939
1383174
1221473
514627
14857
14857
2135341
3088014
1300722
238397
248519
3083116
619867
1382102
1223120
3050388
237646
622178
3202986
445216
619983
445211
619978
3547689
2948582
14940
15157
322319
2704645
2704645
3822132
3084798
621549
1385748
1385435
3547700
2948593
621821
3202629
3086418
623169
620463
3201271
267126
480958
480958
1840357
1840357
330115
330115
942444
3083962
620713
622775
3203583
1215792
489389
3084629
621380
1913153
1910249
3084420
621171
620823
3201631
3204048
3086489
18114
902258
3050377
902347
902441
17495
620466
3201274
3084781
621532
1335944
3120849
3050407
3050319
3050319
1680812
1680812
18145
902377
902289
902289
238379
238379
248501
481835
1841234
1841234
329797
329797
942126
942126
268003
489474
1215877
3085791
622542
3050704
902674
621739
3202547
1192625
1218271
622174
3202982
623431
3204239
3120101
1335196
1385682
1385369
3088341
1301049
3204054
3086495
3086271
3203830
489104
1215756
622152
3202960
1385693
1385380
620458
3201266
620308
3201116
267129
480961
480961
1840360
3204078
623270
3547990
2948883
3084130
620881
2351388
230489
1381631
1223526
1254095
232935
14928
15145
1085331
1085105
1443198
1443101
1751531
322311
322311
2704637
2704637
3822124
3822124
1253097
1253097
2541452
2541452
1251800
902432
17486
902508
17562
322317
2704643
2704643
3822130
3822130
1253103
1913151
1910247
3204052
3086493
619797
3200605
3804263
246876
1315822
3471432
3084290
621041
1382229
1223247
481815
1841214
1841214
329777
942106
267983
1252659
1751093
1751093
2541014
2541014
3823032
3823032
323219
323219
2705545
481832
1841231
1841231
329794
329794
942123
942123
268000
620479
3201287
3088328
1301036
1085312
1085086
1252665
1751099
1751099
2541020
2541020
3823038
3823038
323225
323225
2705551
3084137
620888
3084268
621019
3083074
3200633
3120649
1335744
248325
3835734
619799
3200607
489188
489437
3088006
1300714
489127
1215779
489460
1215863
3088513
1301221
3202467
3084908
3120123
1335218
621831
3202639
1254077
232917
625348
1300824
18105
902249
3050401
3050313
3050313
1680806
1680806
18139
902371
902283
902283
238373
238373
248495
3088498
1301206
3088331
1301039
902500
17554
2797758
2797806
17952
902096
267111
480943
480943
1840342
1840342
330100
330100
942429
622792
3203600
3086701
623452
1385759
1385446
621086
3201894
1221988
1383729
3804265
246878
1268460
1268675
3469490
1313883
3119672
1334767
489122
1215774
622105
3202913
1383936
490557
445220
619987
489110
1215762
1385602
1385289
1222638
1382811
489499
489250
3204164
3086605
621984
3202792
622650
3203458
622467
3203275
3086396
623147
3086714
623465
3120179
1335274
3050717
902687
902803
17857
17857
1680524
1680524
3050833
1385620
1385307
622862
3203670
514633
14863
14863
2135347
488084
1750162
1750162
586178
586178
234125
234125
1940431
1940431
3109938
3109938
1777999
1777999
2657597
2657597
2859780
2859780
1192991
623018
3086267
3086267
3203826
267107
480939
480939
1840338
1840338
330096
330096
942425
621980
3202788
248173
902763
622778
3203586
1215795
489392
622159
3202967
622872
3203680
3203680
3086121
17935
902079
620285
3201093
1383257
1221556
1385623
1385310
3120656
1335751
1381563
1223458
1252669
1751103
1751103
2541024
2541024
3823042
3823042
323229
323229
2705555
620796
3201604
3083948
620699
622474
3203282
248177
902767
329807
942136
3088349
1301057
1301057
625581
1222057
1383798
1381930
1222948
3084632
621383
622880
3203688
3203688
3086129
3086413
623164
3050712
902682
3202473
3084914
1913156
1910252
1381940
1222958
1253790
232630
3084283
621034
3087741
624973
3087723
624955
1381536
1223431
625085
3087853
3548003
2948896
3547985
2948878
248182
902772
3083939
620690
2541005
3823023
3823023
323210
323210
2705536
1385754
1385441
1085315
1085089
1383958
490579
3202453
3084894
622169
3202977
3084786
621537
488106
1750184
1750184
586200
586200
234147
234147
1940453
1940453
3109960
3109960
1778021
1778021
2657619
2657619
2859802
2859802
1193013
1193013
1218658
3469469
1313862
3548563
2949456
621628
3202436
3084292
621043
1751510
322290
322290
2704616
2704616
3822103
3822103
1253076
1253076
2541431
621726
3202534
238088
248210
3084647
621398
902800
17854
17854
1680521
1680521
3050830
623423
3204231
489464
1215867
1751526
322306
322306
2704632
2704632
3822119
3822119
1253092
1253092
2541447
2541447
1251795
1382091
1223109
625034
3087802
1840329
330087
330087
942416
229044
2353910
18110
902254
3204320
623512
3084423
621174
622865
3203673
514636
14866
14866
2135350
488102
1750180
1750180
586196
586196
234143
234143
1940449
1940449
3109956
3109956
1778017
1778017
2657615
2657615
2859798
2859798
1193009
489488
1215891
1751515
322295
322295
2704621
2704621
3822108
3822108
1253081
1253081
2541436
248332
3835741
1382231
1223249
227660
2357346
18118
902262
3050381
902351
3204156
3086597
3119666
1334761
1749740
487662
2357411
227009
621092
3201900
481817
1841216
1841216
329779
942108
267985
3547695
2948588
248167
902757
227078
2357480
3085146
621897
1749750
487672
248157
902747
621632
3202440
622110
3202918
621756
3202564
3084625
621376
1252661
1751095
1751095
2541016
2541016
3823034
3823034
323221
323221
2705547
227656
2357342
621081
3201889
622645
3203453
622462
3203270
3084427
621178
1301496
3088788
3085780
622531
3088517
1301225
902445
17499
1222308
1382481
1218233
1749759
1749759
487681
902823
17877
17877
238111
238111
248233
248233
1680544
1680544
3050853
488087
1750165
1750165
586181
586181
234128
234128
1940434
1940434
3109941
3109941
1778002
1778002
2657600
2657600
2859783
2859783
1192994
3119686
1334781
15022
15239
1750016
487938
1383173
1221472
445215
619982
621820
3202628
267125
480957
480957
1840356
1840356
330114
330114
942443
620822
3201630
3050406
3050318
3050318
1680811
1680811
18144
902376
902288
902288
238378
238378
248500
481834
1841233
1841233
329796
329796
942125
942125
268002
1192624
1218270
623430
3204238
623021
3086270
3086270
3203829
622151
3202959
620307
3201115
619806
3200614
3547989
2948882
14927
15144
3204051
3086492
1315821
3471431
481814
1841213
1841213
329776
942105
267982
481831
1841230
1841230
329793
329793
942122
942122
267999
3088327
1301035
1085311
1085085
3084136
620887
3083073
3200632
3120648
1335743
3120122
1335217
1254076
232916
18104
902248
3050400
3050312
3050312
1680805
1680805
18138
902370
902282
902282
238372
238372
248494
3088330
1301038
902499
17553
2797757
2797805
267110
480942
480942
1840341
1840341
330099
330099
942428
621085
3201893
621983
3202791
622649
3203457
622466
3203274
3086395
623146
1385619
1385306
622861
3203669
248172
902762
1252668
1751102
1751102
2541023
2541023
3823041
3823041
323228
323228
2705554
248176
902766
3050711
902681
3202472
3084913
1381535
1223430
625084
3087852
3548002
2948895
3823022
323209
323209
2705535
1085314
1085088
1383957
490578
3202452
3084893
1300997
3088289
1382090
1223108
1840328
330086
330086
942415
3204319
623511
488101
1750179
1750179
586195
586195
234142
234142
1940448
1940448
3109955
3109955
1778016
1778016
2657614
2657614
2859797
2859797
1193008
1751514
322294
322294
2704620
2704620
3822107
3822107
1253080
1253080
2541435
18117
902261
3050380
902350
3204155
3086596
2357410
227008
621091
3201899
3547694
2948587
621080
3201888
902444
17498
902822
17876
17876
238110
238110
248232
248232
1680543
1680543
3050852
620821
3201629
619805
3200613
3088326
1301034
3084135
620886
3050399
3050311
3050311
1680804
1680804
18137
902369
902281
902281
238371
238371
248493
902498
17552
1385618
1385305
622860
3203668
1252667
1751101
1751101
2541022
2541022
3823040
3823040
323227
323227
2705553
3202471
3084912
3204318
623510
3204154
3086595
3547693
2948586
620820
3201628
3088325
1301033
902497
17551
3204317
623509
1222330
1382503
621730
3202538
1383951
490572
3084139
620890
3086403
623154
3084270
621021
1301500
3088792
1252678
1751112
1751112
2541033
2541033
3823051
3823051
323238
323238
2705564
3088249
625481
3203706
3086147
3804250
246863
3085784
622535
3120156
1335251
1253869
232709
3085965
622716
902212
238302
3469477
1313870
1301486
3088778
3087921
625153
3085135
621886
621731
3202539
1383952
490573
3083197
619948
622781
3203589
1215798
489395
3548570
2949463
3084274
621025
3083207
619958
620469
3201277
3084140
620891
623013
3086262
3086262
3203821
3086404
623155
1300614
3087906
3087906
625138
3083189
619940
3083113
619864
248322
3835731
1221985
1383726
238085
248207
902797
17851
17851
1680518
1680518
3050827
227653
2357339
3084271
621022
1268448
1268663
481826
1841225
1841225
329788
329788
942117
942117
267994
1268451
1268666
1301501
3088793
1252679
1751113
1751113
2541034
2541034
3823052
323239
2705565
406416
2902518
15006
15223
1215808
489405
3088250
625482
3120651
1335746
3804251
246864
625543
1301019
3085785
622536
248327
3835736
3120157
1335252
1382096
1223114
1301510
3088802
3050724
902694
1252673
1751107
1751107
2541028
2541028
3823046
3823046
323233
323233
2705559
1253870
232710
3204042
3086483
3204070
623262
623262
3086511
3085966
622717
3202460
3084901
902213
238303
3547545
2948438
3547682
2948575
3469478
1313871
622162
3202970
3468067
1316474
3083069
3200628
623435
3204243
1301487
3088779
3087922
625154
1222633
1382806
1222067
1383808
1222656
1382829
3085136
621887
622875
3203683
3203683
3086124
18163
3835928
3119676
1334771
1301281
3088573
3085980
622731
1383265
1221564
619801
3200609
489178
489427
489182
489431
621732
3202540
902816
17870
17870
238104
238104
248226
248226
1680537
1680537
3050846
902454
17508
1222300
1382473
14949
15166
625339
1300815
621616
3202424
3088037
1300745
17938
902082
620291
3201099
481841
1841240
1841240
329803
329803
942132
942132
268009
623426
3204234
1383953
490574
3083198
619949
622782
3203590
14937
15154
622789
3203597
622869
3203677
3203677
3086118
902494
17548
1215805
489402
1215802
489399
1215799
489396
229750
2352366
3088521
1301229
3548571
2949464
1268456
1268671
489174
489423
3469485
1313878
3084275
621026
621748
3202556
3083208
619959
1253784
232624
489190
489439
3548590
2949483
620470
3201278
3084141
620892
3203699
3086140
3120105
1335200
902449
17503
3088008
1300716
623014
3086263
3086263
3203822
3086409
623160
15002
15219
3086405
623156
489129
1215781
1300615
3087907
3087907
625139
3083190
619941
3083114
619865
248323
3835732
489186
489435
625346
1300822
1221986
1383727
1381938
1222956
3084784
621535
238086
248208
3084645
621396
902798
17852
17852
1680519
1680519
3050828
489462
1215865
1751524
322304
322304
2704630
2704630
3822117
3822117
1253090
1253090
2541445
2541445
1251793
227076
2357478
1749748
487670
227654
2357340
3088515
1301223
1222306
1382479
1383171
1221470
481829
1841228
1841228
329791
329791
942120
942120
267997
3548000
2948893
621078
3201886
3202469
3084910
3084272
621023
248320
3835729
1268449
1268664
3204040
3086481
1268454
1268669
481827
1841226
1841226
329789
329789
942118
942118
267995
1268452
1268667
1222646
1382819
3087930
625162
621833
3202641
1254079
232919
621217
3202025
1301502
3088794
1252680
1751114
1751114
2541035
2541035
3823053
3084791
621542
3084115
620866
3084121
620872
406417
2902519
620300
3201108
3828064
233094
233094
1254254
622478
3203286
15007
15224
17947
902091
620450
3201258
3120167
1335262
1383187
1221486
625350
1300826
1381640
1223535
622998
3203806
1222316
1382489
625046
3087814
1222648
1382821
1215809
489406
3088251
625483
1222003
1383744
18107
902251
3050403
3050315
3050315
1680808
1680808
18141
902373
902285
902285
238375
238375
248497
481823
1841222
1841222
329785
329785
942114
942114
267991
1254085
232925
3548578
2949471
488096
1750174
1750174
586190
586190
234137
234137
1940443
1940443
3109950
3109950
1778011
1778011
2657609
2657609
2859792
2859792
1193003
17925
902069
3120652
1335747
229753
2352369
3087932
625164
3050728
902698
1222324
1382497
1335947
3120852
3088500
1301208
1749756
487678
1085323
1085097
621835
3202643
1381619
1223514
3804252
246865
3087729
624961
625544
1301020
902868
1386943
1381645
1223540
3088030
1300738
3088337
1301045
1254081
232921
3088333
1301041
620812
3201620
902502
17556
625025
3087793
1383929
490550
625435
1300911
3085786
622537
248328
3835737
621219
3202027
3120158
1335253
1301504
3088796
1382243
1223261
1382097
1223115
1301511
3088803
1301483
3088775
620288
3201096
1252682
1751116
1751116
2541037
3050725
902695
514620
14850
14850
2135334
489467
1215870
1252674
1751108
1751108
2541029
2541029
3823047
3823047
323234
323234
2705560
3084793
621544
1253871
232711
1300986
3088278
3088278
625510
1381623
1223518
1335938
3120843
3086688
623439
623439
3204247
3204043
3086484
902437
17491
3204071
623263
623263
3086512
1381551
1223446
3085967
622718
3083943
620694
2992081
2993662
2357424
227022
622165
3202973
620816
3201624
3084117
620868
1383183
1221482
3083957
620708
3084123
620874
3085973
622724
622800
3203608
620804
3201612
3202461
3084902
3547673
2948566
902214
238304
1221993
1383734
1385679
1385366
1222653
1382826
3050334
1680827
1680827
18160
18160
3835925
1384438
490185
17954
902098
625042
3087810
620800
3201608
1254088
232928
3547683
2948576
3469479
1313872
1253888
232728
1751529
322309
322309
2704635
2704635
3822122
3822122
1253095
1253095
2541450
2541450
1251798
1382094
1223112
1253782
232622
625344
1300820
2357422
227020
622163
3202971
1384441
490188
1253886
232726
1381544
1223439
3203772
3086213
3086213
622964
2351614
230715
17930
902074
1381635
1223530
1383260
1221559
267113
480945
480945
1840344
1840344
330102
330102
942431
406419
2902521
625030
3087798
3468068
1316475
1335957
3120862
17882
238116
238116
248238
248238
1680549
1268466
1268681
1252654
1751088
1751088
2541009
2541009
3823027
3823027
323214
323214
2705540
620302
3201110
3119657
1334752
622794
3203602
3085151
621902
3086706
623457
3120162
1335257
623415
3204223
3088510
1301218
1751507
322287
3822100
1253073
1253073
2541428
902235
238325
3083070
3200629
3050396
3050308
3050308
1680801
1680801
18134
902366
902278
902278
238368
238368
248490
1300611
3087903
1085320
1085094
623436
3204244
1384435
490182
3086703
623454
1301488
3088780
3087923
625155
625037
3087805
1300972
3088264
3088264
625496
1222634
1382807
1300455
624979
1301491
3088783
1381546
1223441
1222068
1383809
3828066
233096
233096
1254256
1382219
1223237
3120659
1335754
1215817
489414
625354
1300830
3050410
3050322
3050322
1680815
1680815
18148
902380
902292
902292
238382
238382
248504
1750021
487943
902205
238295
1222657
1382830
622480
3203288
15009
15226
1385761
1385448
621838
3202646
3085137
621888
1253801
232641
488080
1750158
1750158
586174
586174
234121
234121
1940427
1940427
3109934
3109934
1777995
1777995
2657593
2657593
2859776
2859776
1192987
622876
3203684
3203684
3086125
3119677
1334772
1254102
232942
1383178
1221477
1301282
3088574
3088022
1300730
3085981
622732
3086215
622966
1335961
3120866
620476
3201284
17949
902093
17932
902076
1381927
1222945
1383266
1221565
621088
3201896
619802
3200610
489179
489428
481838
1841237
1841237
329800
329800
942129
942129
268006
489183
489432
1749745
487667
1381637
1223532
1221990
1383731
1253883
232723
622670
3203478
621733
3202541
902817
17871
17871
238105
238105
248227
248227
1680538
1680538
3050847
902455
17509
1222301
1382474
14950
15167
625335
1300811
625340
1300816
1268462
1268677
1382083
1223101
902228
238318
621617
3202425
3204062
3086503
267118
480950
480950
1840349
1840349
330107
330107
942436
3469492
1313885
620452
3201260
1749998
487920
3203761
3086202
3086202
622953
514623
14853
14853
2135337
3120169
1335264
514641
14871
14871
2135355
489477
1215880
1300592
625116
3050700
902670
622673
3203481
3120644
1335739
3083203
619954
17939
902083
15014
15231
620292
3201100
902304
238394
238394
248516
621736
3202544
1443195
1443098
481842
1841241
1841241
329804
329804
942133
942133
268010
623427
3204235
1383954
490575
1382087
1223105
1383262
1221561
3548587
2949480
1222000
1383741
1254099
232939
267115
480947
480947
1840346
1840346
330104
330104
942433
2357435
227033
1085307
1085081
1085081
1085194
3086391
623142
3087926
625158
17943
902087
3083199
619950
3088524
1301232
622783
3203591
406421
2902523
1443191
1443094
3548581
2949474
14938
15155
2351386
230487
902430
17484
902506
17560
3804261
246874
1382227
1223245
622790
3203598
1383934
490555
514631
14861
14861
2135345
622870
3203678
3203678
3086119
625032
3087800
3120120
1335215
3468070
1316477
488099
1750177
1750177
586193
586193
234140
234140
1940446
1940446
3109953
3109953
1778014
1778014
2657612
2657612
2859795
2859795
1193006
902820
17874
17874
238108
238108
248230
248230
1680541
1680541
3050850
902495
17549
1222328
1382501
3088529
1301237
3083187
619938
902795
17849
1680516
3050825
1215806
489403
3119674
1334769
14947
15164
1215803
489400
1215800
489397
902458
17512
1222304
1382477
620298
3201106
1222314
1382487
229751
2352367
625040
3087808
17928
902072
1300459
624983
227666
2357352
625352
1300828
1335959
3120864
1253881
232721
3088522
1301230
1222312
1382485
248152
902742
3548572
2949465
1268468
1268683
1385611
1385298
1254092
232932
1252656
1751090
1751090
2541011
2541011
3823029
3823029
323216
323216
2705542
489124
1215776
1268457
1268672
622107
3202915
620304
3201112
1268445
1268660
489175
489424
14999
15216
1381642
1223537
625432
1300908
3088019
1300727
1383938
490559
3119659
1334754
3469486
1313879
622796
3203604
445222
619989
3084276
621027
621749
3202557
489112
1215764
3087914
625146
3083209
619960
623000
3203808
3084803
621554
3120665
1335760
1335952
3120857
1385604
1385291
1222640
1382813
1382074
1223092
1253785
232625
489501
489252
3204170
3086611
267101
480933
480933
1840332
1840332
330090
330090
942419
1222318
1382491
1300603
3087895
2993625
2992045
489191
489440
3120097
1335192
3084264
621015
3548591
2949484
3050707
902677
3828060
233090
233090
1254250
3204166
3086607
18099
902243
3204149
3086590
620471
3201279
3085153
621904
902809
17863
17863
238097
238097
248219
248219
1680530
1680530
3050839
3084142
620893
621986
3202794
622652
3203460
621742
3202550
3086708
623459
1381948
1222966
622469
3203277
621849
3202657
3086398
623149
3203700
3086141
1301275
3088567
3120106
1335201
2357416
227014
1385686
1385373
3083062
3200621
902450
17504
3084641
621392
625048
3087816
3088009
1300717
1383941
490562
373939
372450
623015
3086264
3086264
3203823
3088346
1301054
3086410
623161
623420
3204228
248154
902744
15003
15220
3086406
623157
3120164
1335259
3088027
1300735
620809
3201617
2992078
2993659
1222650
1382823
902232
238322
14944
15161
623417
3204225
489130
1215782
489118
1215770
3087737
624969
3119662
1334757
3120093
1335188
14932
15149
3087908
625140
3086716
623467
3691263
1423998
621621
3202429
3548574
2949467
3083191
619942
1222662
1382835
625361
1300837
1215811
489408
3050719
902689
1300975
3088267
3088267
625499
489470
1215873
1192552
1218198
902805
17859
17859
1680526
1680526
3050835
3084618
621369
3088253
625485
1385613
1385300
1385674
1385361
3088013
1300721
3083115
619866
622177
3202985
445210
619977
3547688
2948581
3084797
621548
3083961
620712
18113
902257
3050376
902346
489103
1215755
3204077
623269
1254094
232934
1252658
1751092
1751092
2541013
2541013
3823031
3823031
323218
323218
2705544
248324
3835733
489187
489436
489126
1215778
3088512
1301220
3202466
3084907
625347
1300823
1385758
1385445
1221987
1383728
1268459
1268674
3469489
1313882
489121
1215773
622104
3202912
1222637
1382810
3204163
3086604
1385622
1385309
3120655
1335750
1381562
1223457
1381939
1222957
3087740
624972
3087722
624954
3547984
2948877
3084785
621536
3548562
2949455
1751509
322289
322289
2704615
2704615
3822102
3822102
1253075
1253075
2541430
1192696
1218342
238087
248209
3084646
621397
902799
17853
17853
1680520
1680520
3050829
489463
1215866
1751525
322305
322305
2704631
2704631
3822118
3822118
1253091
1253091
2541446
2541446
1251794
18109
902253
622864
3203672
514635
14865
14865
2135349
489487
1215890
3119665
1334760
248166
902756
227077
2357479
3085145
621896
1749749
487671
622109
3202917
227655
2357341
3084426
621177
3088516
1301224
1222307
1382480
1218232
1749758
1749758
487680
488086
1750164
1750164
586180
586180
234127
234127
1940433
1940433
3109940
3109940
1778001
1778001
2657599
2657599
2859782
2859782
1192993
3119685
1334780
15021
15238
1383172
1221471
3050405
3050317
3050317
1680810
1680810
18143
902375
902287
902287
238377
238377
248499
1192623
1218269
623020
3086269
3086269
3203828
622150
3202958
620306
3201114
1315820
3471430
481830
1841229
1841229
329792
329792
942121
942121
267998
1085310
1085084
3083072
3200631
18103
902247
2797756
2797804
267109
480941
480941
1840340
1840340
330098
330098
942427
621982
3202790
3086394
623145
248175
902765
625083
3087851
3548001
2948894
621079
3201887
3050398
3050310
3050310
1680803
1680803
18136
902368
902280
902280
238370
238370
248492
3202470
3084911
3204153
3086594
1252677
1751111
1751111
2541032
2541032
3823050
3823050
323237
323237
2705563
3088248
625480
3203705
3086146
3087920
625152
3085134
621885
622780
3203588
1215797
489394
3084273
621024
1300613
3087905
3087905
625137
248321
3835730
1268447
1268662
481825
1841224
1841224
329787
329787
942116
942116
267993
1268450
1268665
1252672
1751106
1751106
2541027
2541027
3823045
3823045
323232
323232
2705558
3204041
3086482
3204069
623261
623261
3086510
1253898
232738
622161
3202969
3468066
1316473
623434
3204242
622874
3203682
3203682
3086123
489177
489426
625338
1300814
17937
902081
14936
15153
622868
3203676
3203676
3086117
1268455
1268670
3120104
1335199
15001
15218
481828
1841227
1841227
329790
329790
942119
942119
267996
1268453
1268668
3087929
625161
17946
902090
625045
3087813
1222647
1382820
488095
1750173
1750173
586189
586189
234136
234136
1940442
1940442
3109949
3109949
1778010
1778010
2657608
2657608
2859791
2859791
1193002
3087931
625163
1749755
487677
1085322
1085096
621834
3202642
1381618
1223513
3087728
624960
1381644
1223539
1254080
232920
625434
1300910
621218
3202026
1301503
3088795
1382242
1223260
620287
3201095
1252681
1751115
1751115
2541036
2541036
3823054
3084792
621543
1381622
1223517
623438
3204246
3084116
620867
3083956
620707
3084122
620873
3085972
622723
622799
3203607
620803
3201611
3050333
1680826
1680826
18159
18159
3835924
1384437
490184
620799
3201607
1254087
232927
625343
1300819
3203771
3086212
3086212
622963
1383259
1221558
406418
2902520
625029
3087797
17881
238115
238115
248237
248237
1680548
1268465
1268680
620301
3201109
3086705
623456
3088509
1301217
3050395
3050307
3050307
1680800
1680800
18133
902365
902277
902277
238367
1085319
1085093
1301490
3088782
3828065
233095
233095
1254255
1382218
1223236
3120658
1335753
622479
3203287
15008
15225
1253800
232640
488079
1750157
1750157
586173
586173
234120
234120
1940426
1940426
3109933
3109933
1777994
1777994
2657592
3088021
1300729
620475
3201283
17948
902092
625334
1300810
620451
3201259
3120168
1335263
514640
14870
14870
2135354
3083202
619953
902303
238393
238393
248515
1382086
1223104
1383188
1221487
3087925
625157
3548580
2949473
488098
1750176
1750176
586192
586192
234139
234139
1940445
1940445
3109952
3109952
1778013
1778013
2657611
2657611
2859794
2859794
1193005
3088528
1301236
625039
3087807
17927
902071
1300458
624982
625351
1300827
1385610
1385297
1254091
232931
1381641
1223536
625431
1300907
3088018
1300726
3087913
625145
622999
3203807
1382073
1223091
1222317
1382490
1300602
3087894
3120096
1335191
1385685
1385372
625047
3087815
1383940
490561
3088345
1301053
1222649
1382822
902231
238321
3087736
624968
3119661
1334756
621620
3202428
1215810
489407
1300974
3088266
3088266
625498
3088252
625484
3084796
621547
3469488
1313881
1222636
1382809
3120654
1335749
1381561
1223456
18108
902252
3050404
3050316
3050316
1680809
1680809
18142
902374
902286
902286
238376
238376
248498
229755
2352371
3469500
1313893
481824
1841223
1841223
329786
329786
942115
942115
267992
1252671
1751105
1751105
2541026
2541026
3823044
3823044
323231
323231
2705557
1253897
232737
14935
15152
1382241
1223259
3083955
620706
622798
3203606
3050332
1680825
1680825
18158
18158
3835923
620798
3201606
1254086
232926
3203770
3086211
3086211
622962
514639
14869
14869
2135353
902302
238392
238392
248514
3548579
2949472
488097
1750175
1750175
586191
586191
234138
234138
1940444
1940444
3109951
3109951
1778012
1778012
2657610
2657610
2859793
2859793
1193004
3088527
1301235
17926
902070
1300457
624981
1385609
1385296
3087912
625144
1300601
3087893
3088344
1301052
3120653
1335748
229754
2352370
3469499
1313892
1382240
1223258
3050331
1680824
1680824
18157
18157
3835922
902301
238391
238391
248513
3087911
625143
1300600
3087892
1300599
3087891
1300598
3087890
