1301422
3088714
1383924
490545
622405
3203213
620275
3201083
3084589
621340
3083879
620630
3084731
621482
3050658
902628
622618
3203426
1300570
625094
1381479
1223374
322285
2704611
2704611
3822098
3822098
1253071
1085254
1085028
1215753
489350
1335877
3120782
248109
17753
1252644
1751078
1751078
2540999
2540999
3823017
3823017
323204
323204
2705530
3202432
3084873
1749686
487608
902415
17469
3050302
1680795
1680795
18128
902272
238362
238362
248484
238058
248180
902770
17824
17824
1680491
1680491
3050800
1749970
487892
3547938
2948831
3828013
233043
233043
1254203
621695
3084944
3086648
623399
623399
3204207
1381895
1222913
3547654
2948547
488034
1750112
1750112
586128
586128
234075
234075
1940381
1940381
3109888
3109888
1777949
1777949
2657547
2657547
2859730
2859730
1192941
3086364
623115
267068
480900
480900
1840299
1840299
330057
330057
942386
1222254
1382427
1253848
232688
620417
3201225
3203639
3086080
3548506
2949399
17915
902059
481778
1841177
1841177
329740
329740
942069
942069
267946
3120072
1335167
3203994
3086435
3088004
1300712
1222609
1382782
1300925
3088217
1382179
1223197
1254061
232901
1382037
1223055
18057
902201
902201
238291
322284
2704610
2704610
3822097
3822097
1253070
238057
248179
902769
17823
17823
1680490
1680490
3050799
3828012
233042
233042
1254202
1381894
1222912
488033
1750111
1750111
586127
586127
234074
234074
1940380
1940380
3109887
3109887
1777948
1777948
2657546
2657546
2859729
2859729
1192940
3086363
623114
3203993
3086434
3088003
1300711
1300924
3088216
1382178
1223196
3828011
233041
233041
1254201
1381893
1222911
1382177
1223195
1381892
1222910
1381891
1222909
902402
17456
488052
1750130
1750130
586146
586146
234093
234093
1940399
1940399
3109906
3109906
1777967
1777967
2657565
2657565
2859748
2859748
1192959
902403
17457
3547610
2948503
1222621
1382794
1300933
3088225
1382016
1223034
3203634
3086075
1381529
1223424
902169
238259
3204023
3086464
488053
1750131
1750131
586147
586147
234094
234094
1940400
1940400
3109907
3109907
1777968
1777968
2657566
2657566
2859749
2859749
1192960
1751467
322247
322247
2704573
2704573
3822060
3822060
1253033
1253033
2541388
902404
17458
3547611
2948504
1222622
1382795
1254011
232851
1300934
3088226
3050254
1680747
1680747
18080
18080
902224
238314
248436
238079
248201
902791
17845
17845
1680512
1680512
3050821
1751477
322257
322257
2704583
2704583
3822070
3822070
1253043
1253043
2541398
1382017
1223035
1215766
489363
3548528
2949421
3087975
1300683
3203635
3086076
3828037
233067
233067
1254227
1749990
487912
1381530
1223425
902170
238260
3204024
3086465
621806
3202614
488054
1750132
1750132
586148
586148
234095
234095
1940401
1940401
3109908
3109908
1777969
1777969
2657567
2657567
2859750
2859750
1192961
1751468
322248
322248
2704574
2704574
3822061
3822061
1253034
1253034
2541389
3120086
1335181
267078
480910
480910
1840309
1840309
330067
330067
942396
3202383
3084824
902405
17459
620226
3201034
3120594
1335689
1751440
322220
1253006
2541361
1751491
322271
322271
2704597
2704597
3822084
3822084
1253057
1253057
2541412
1381612
1223507
3828052
233082
233082
1254242
1749698
487620
1253763
232603
488027
1750105
1750105
586121
586121
234068
234068
1940374
1940374
3109881
3109881
1777942
1777942
2657540
2657540
2859723
2859723
1192934
3547977
2948870
514570
14800
14800
2135284
3547612
2948505
1215759
489356
248094
17738
1300928
3088220
514551
14781
14781
2135265
1253756
232596
3088493
1301201
1222623
1382796
3086382
623133
625013
3087781
481759
1841158
1841158
329721
329721
942050
942050
267927
1254012
232852
1300935
3088227
3050255
1680748
1680748
18081
18081
902225
238315
248437
3120586
1335681
238080
248202
17846
1680513
1222597
1382770
1751478
322258
322258
2704584
2704584
3822071
3822071
1253044
1253044
2541399
1382018
1223036
1215767
489364
1383912
490533
1301423
3088715
1335906
3120811
3548529
2949422
1381865
1222883
1383925
490546
1222579
1382752
3087976
1300684
1383921
490542
3203636
3086077
1381609
1223504
1749695
487617
1383880
490501
3828038
233068
233068
1254228
1383883
490504
3547633
2948526
1383866
490487
3828041
233071
233071
1254231
1749991
487913
3050295
1680788
1680788
18121
1382010
1223028
1381531
1223426
1222289
1382462
3548522
2949415
1383893
490514
3202400
3084841
3828005
233035
233035
1254195
1300912
3088204
902171
238261
1383908
490529
488061
1750139
1750139
586155
586155
234102
234102
1940408
1940408
3109915
3109915
1777976
1777976
2657574
2657574
2859757
2859757
1192968
3204025
3086466
1383886
490507
1383871
490492
623369
3204177
18063
902207
238355
248477
621807
3202615
622596
3203404
902426
17480
514556
14786
14786
2135270
238022
248144
248144
902734
902734
17788
17788
1680455
1680455
3050764
623351
3204159
1749983
487905
1382173
1223191
1252605
1751039
1751039
2540960
2540960
3822978
3822978
323165
323165
2705491
1382058
1223076
488055
1750133
1750133
586149
586149
234096
234096
1940402
1940402
3109909
3109909
1777970
1777970
2657568
2657568
2859751
2859751
1192962
1751469
322249
322249
2704575
2704575
3822062
3822062
1253035
1253035
2541390
3120087
1335182
267079
480911
480911
1840310
1840310
330068
330068
942397
1749708
487630
3202384
3084825
3084609
621360
1222586
1382759
3083898
620649
622398
3203206
622847
3203655
3203655
3086096
267094
480926
480926
1840325
1840325
330083
330083
942412
481772
1841171
1841171
329734
329734
942063
942063
267940
267039
480871
480871
1840270
1840270
330028
330028
942357
902406
17460
622406
3203214
1751444
322224
322224
2704550
2704550
3822037
3822037
1253010
1253010
2541365
620279
3201087
1751483
322263
322263
2704589
2704589
3822076
3822076
1253049
1253049
2541404
514562
14792
14792
2135276
1300945
3088237
18035
902179
902179
238269
3087997
1300705
267045
480877
480877
1840276
1840276
330034
330034
942363
620227
3201035
1254040
232880
488065
1750143
1750143
586159
586159
234106
234106
1940412
1940412
3109919
3109919
1777980
1777980
2657578
2657578
2859761
2859761
1192972
3120595
1335690
1335921
3120826
3088467
1301175
1300904
3088196
1751464
322244
322244
2704570
2704570
3822057
3822057
1253030
1253030
2541385
1222594
1382767
1749692
487614
1749980
487902
1751441
322221
1253007
2541362
620276
3201084
1751492
322272
322272
2704598
2704598
3822085
3822085
1253058
1253058
2541413
1381613
1223508
1381493
1223388
3086324
623075
623364
3204172
1749699
487621
1253764
232604
1300563
625087
3084614
621365
3087897
625129
1222613
1382786
488028
1750106
1750106
586122
586122
234069
234069
1940375
1940375
3109882
3109882
1777943
1777943
2657541
2657541
2859724
2859724
1192935
1751495
322275
322275
2704601
2704601
3822088
3822088
1253061
1253061
2541416
248114
17758
3547978
2948871
514571
14801
14801
2135285
3547613
2948506
1215760
489357
248095
17739
1300929
3088221
514552
14782
14782
2135266
1253757
232597
1300554
625078
248089
17733
3088494
1301202
3084751
621502
488040
1750118
1750118
586134
586134
234081
234081
1940387
1940387
3109894
3109894
1777955
1777955
2657553
2657553
2859736
2859736
1192947
1749975
487897
620236
3201044
1381489
1223384
1382030
1223048
1381522
1223417
1382193
1223211
1222624
1382797
1382182
1223200
238062
248184
902774
17828
17828
1680495
1680495
3050804
3086383
623134
1382199
1223217
625014
3087782
248106
17750
1254058
232898
1382034
1223052
481760
1841159
1841159
329722
329722
942051
942051
267928
3547649
2948542
3202395
3084836
621712
3202520
3827996
233026
233026
1254186
3083884
620635
3087901
625133
1301466
3088758
1254013
232853
1300936
3088228
3050256
1680749
1680749
18082
18082
902226
238316
248438
3084582
621333
3120587
1335682
238081
248203
17847
1680514
481804
1841203
1841203
329766
329766
942095
942095
267972
514588
14818
14818
2135302
1222598
1382771
238028
248150
248150
902740
902740
17794
17794
1680461
1680461
3050770
1751479
322259
322259
2704585
2704585
3822072
3822072
1253045
1253045
2541400
623360
3204168
1301478
3088770
1382019
1223037
1215768
489365
1383913
490534
1381914
1222932
1301424
3088716
3548509
2949402
481763
1841162
1841162
329725
329725
942054
942054
267931
3088488
1301196
1254035
232875
1335907
3120812
1381919
1222937
1252609
1751043
1751043
2540964
2540964
3822982
3822982
323169
323169
2705495
3050275
1680768
1680768
18101
238335
248457
3548530
2949423
481793
1841192
1841192
329755
329755
942084
942084
267961
1381866
1222884
1383926
490547
481783
1841182
1841182
329745
329745
942074
942074
267951
3119652
1334747
1381496
1223391
1301434
3088726
1382216
1223234
514608
14838
14838
2135322
248131
17775
1381878
1222896
1222580
1382753
3087977
1300685
1382052
1223070
1383922
490543
3084587
621338
3083877
620628
3547652
2948545
514613
14843
14843
2135327
3203637
3086078
1381889
1222907
1381610
1223505
1749696
487618
1383881
490502
3828039
233069
233069
1254229
3548520
2949413
3202398
3084839
1383884
490505
3083896
620647
622396
3203204
1300943
3088235
488038
1750116
1750116
586132
586132
234079
234079
1940385
1940385
3109892
3109892
1777953
1777953
2657551
2657551
2859734
2859734
1192945
481802
1841201
1841201
329764
329764
942093
942093
267970
620442
3201250
3547656
2948549
18050
902194
902194
238284
3469465
1313858
3547948
2948841
3547634
2948527
1383867
490488
3203741
622933
3828042
233072
233072
1254232
620444
3201252
1254028
232868
622451
3203259
1749992
487914
3050296
1680789
1680789
18122
3084778
621529
622445
3203253
1382011
1223029
621801
3202609
620785
3201593
1222235
1382408
3084590
621341
1222290
1382463
3548523
2949416
1383894
490515
3202401
3084842
1254050
232890
3828006
233036
233036
1254196
1300913
3088205
902172
238262
1254021
232861
1301455
3088747
1222251
1382424
620414
3201222
1383909
490530
488062
1750140
1750140
586156
586156
234103
234103
1940409
1940409
3109916
3109916
1777977
1777977
2657575
2657575
2859758
2859758
1192969
1749689
487611
622456
3203264
3050249
1680742
1680742
18075
18075
902219
238309
248431
3204026
3086467
3547627
2948520
1749678
487600
3547658
2948551
3120081
1335176
3548550
2949443
1253750
232590
1383887
490508
1383872
490493
623370
3204178
3084564
621315
3203612
3086053
622435
3203243
18064
902208
3204035
3086476
3547664
2948557
3548540
2949433
3084600
621351
3050650
902620
3083880
620631
3828046
233076
233076
1254236
267059
480891
480891
1840290
1840290
330048
330048
942377
1222240
1382413
18052
902196
902196
238286
238356
248478
3202418
3084859
3084742
621493
3084766
621517
620428
3201236
621791
3202599
3086373
623124
620242
3201050
621808
3202616
620403
3201211
622628
3203436
622597
3203405
622637
3203445
3204007
3086448
3084571
621322
514557
14787
14787
2135271
238023
248145
248145
902735
902735
17789
17789
1680456
1680456
3050765
3202413
3084854
622853
3203661
3203661
3086102
623352
3204160
238041
248163
902753
17807
17807
1680474
1680474
3050783
1085292
1085066
1749984
487906
1382064
1223082
1382174
1223192
3120634
1335729
1301475
3088767
1252606
1751040
1751040
2540961
2540961
3822979
3822979
323166
323166
2705492
622393
3203201
3547945
2948838
3084775
621526
1085289
1085063
3547929
2948822
1382059
1223077
3087983
1300691
488056
1750134
1750134
586150
586150
234097
234097
1940403
1940403
3109910
3109910
1777971
1777971
2657569
2657569
2859752
2859752
1192963
621715
3202523
1751470
322250
322250
2704576
2704576
3822063
3822063
1253036
1253036
2541391
1253771
232611
3050245
1680738
1680738
18071
18071
902215
238305
248427
3083928
620679
248123
17767
3120088
1335183
267080
480912
480912
1840311
1840311
330069
330069
942398
1749709
487631
622612
3203420
621699
3202507
3202385
3084826
1085258
1085032
3084610
621361
3469467
1313860
1222587
1382760
3050676
902646
1301450
3088742
3202438
3084879
622643
3203451
3083899
620650
621818
3202626
622399
3203207
3084553
621304
3084732
621483
238048
248170
902760
17814
17814
1680481
1680481
3050790
1252647
1751081
1751081
2541002
2541002
3823020
323207
2705533
622848
3203656
3203656
3086097
267095
480927
480927
1840326
1840326
330084
330084
942413
3203666
3086107
3120621
1335716
481773
1841172
1841172
329735
329735
942064
942064
267941
1253716
232556
3086327
623078
248102
17746
267071
480903
480903
1840302
1840302
330060
330060
942389
267040
480872
480872
1840271
1840271
330029
330029
942358
3050659
902629
620448
3201256
3547643
2948536
3088481
1301189
3547671
2948564
622619
3203427
1300526
625050
3828001
233031
233031
1254191
902407
17461
622407
3203215
1751445
322225
322225
2704551
2704551
3822038
3822038
1253011
1253011
2541366
3547950
2948843
620280
3201088
1751484
322264
322264
2704590
2704590
3822077
3822077
1253050
1253050
2541405
514593
14823
14823
2135307
514563
14793
14793
2135277
620255
3201063
1254017
232857
620410
3201218
1300946
3088238
18036
902180
902180
238270
902161
238251
3087998
1300706
267046
480878
480878
1840277
1840277
330035
330035
942364
620228
3201036
1254041
232881
488066
1750144
1750144
586160
586160
234107
234107
1940413
1940413
3109920
3109920
1777981
1777981
2657579
2657579
2859762
2859762
1192973
1749948
487870
3120596
1335691
1254064
232904
1335922
3120827
18046
902190
902190
238280
3084596
621347
3088468
1301176
3547932
2948825
3547636
2948529
1300905
3088197
1382071
1223089
1335912
3120817
1751465
322245
322245
2704571
2704571
3822058
3822058
1253031
1253031
2541386
1254009
232849
3050252
1680745
1680745
18078
18078
902222
238312
248434
3828050
233080
233080
1254240
1300965
3088257
1222595
1382768
1749693
487615
1383878
490499
1383869
490490
623367
3204175
1749981
487903
267092
480924
480924
1840323
1840323
330081
330081
942410
1751442
322222
3822035
1253008
1253008
2541363
620277
3201085
1300902
3088194
1751493
322273
322273
2704599
2704599
3822086
3822086
1253059
1253059
2541414
1300552
625076
1254056
232896
1381614
1223509
1381494
1223389
1301432
3088724
1254048
232888
1749729
487651
622433
3203241
3828044
233074
233074
1254234
1382062
1223080
3086325
623076
620446
3201254
623365
3204173
3548499
2949392
1749700
487622
622772
3203580
1301417
3088709
1254030
232870
1300571
625095
2540941
3822959
3822959
323146
323146
2705472
1253765
232605
3087949
1300657
1300564
625088
1222258
1382431
3120047
1335142
1222571
1382744
3828016
233046
233046
1254206
3548501
2949394
3204017
3086458
1749720
487642
3084615
621366
3204029
3086470
267051
480883
480883
1840282
1840282
330040
330040
942369
267063
480895
480895
1840294
1840294
330052
330052
942381
1381526
1223421
1749705
487627
248111
17755
3087898
625130
622453
3203261
1085299
1085073
1254070
232910
238038
248160
902750
17804
17804
1680471
1680471
3050780
1301429
3088721
3204014
3086455
1749702
487624
622420
3203228
623385
3204193
3086659
623410
623410
3204218
1382041
1223059
1749994
487916
1222614
1382787
622581
3203389
1252597
1751031
1751031
2540952
2540952
3822970
3822970
323157
323157
2705483
3050298
1680791
1680791
18124
488029
1750107
1750107
586123
586123
234070
234070
1940376
1940376
3109883
3109883
1777944
1777944
2657542
2657542
2859725
2859725
1192936
622423
3203231
3203976
3086417
481752
1841151
1841151
329714
942043
267920
3084780
621531
1751496
322276
322276
2704602
2704602
3822089
3822089
1253062
1253062
2541417
3050639
902609
1253726
232566
248127
17771
248115
17759
625329
1300805
1749963
487885
1751450
322230
322230
2704556
2704556
3822043
3822043
1253016
1253016
2541371
902143
238233
3547979
2948872
248136
17780
514572
14802
14802
2135286
1749682
487604
3828033
233063
233063
1254223
622447
3203255
3547614
2948507
1215761
489358
248096
17740
623379
3204187
3120038
1335133
267085
480917
480917
1840316
1840316
330074
330074
942403
623388
3204196
1381480
1223375
1301419
3088711
1300930
3088222
1382013
1223031
621803
3202611
514553
14783
14783
2135267
1222591
1382764
3084748
621499
1254032
232872
3086671
623422
1300573
625097
902411
17465
1749674
487596
238034
248156
902746
17800
17800
1680467
1680467
3050776
1253758
232598
620263
3201071
1253741
232581
1252588
1751022
1751022
2540943
2540943
3822961
3822961
323148
323148
2705474
1300555
625079
248090
17734
1301444
3088736
1253852
232692
3088495
1301203
3084752
621503
1381505
1223400
488041
1750119
1750119
586135
586135
234082
234082
1940388
1940388
3109895
3109895
1777956
1777956
2657554
2657554
2859737
2859737
1192948
3203626
3086067
1749976
487898
1253767
232607
620237
3201045
620787
3201595
1749936
487858
1382187
1223205
1381490
1223385
1382031
1223049
1222237
1382410
3084763
621514
3547926
2948819
1381523
1223418
1382194
1223212
1222625
1382798
3086662
623413
623413
3204221
621705
3202513
1382183
1223201
3084759
621510
3086674
623425
3087967
1300675
1382044
1223062
238063
248185
902775
17829
17829
1680496
1680496
3050805
902419
17473
1253862
232702
3086384
623135
3084592
621343
1222292
1382465
1382200
1223218
1252623
1751057
1751057
2540978
2540978
3822996
3822996
323183
323183
2705509
3087986
1300694
625015
3087783
1381517
1223412
3086335
623086
3120068
1335163
622441
3203249
18041
902185
902185
238275
3120610
1335705
3087951
1300659
1085268
1085042
1300568
625092
248107
17751
1254059
232899
1382035
1223053
1300922
3088214
1381607
1223502
488059
1750137
1750137
586153
586153
234100
234100
1940406
1940406
3109913
3109913
1777974
1777974
2657572
2657572
2859755
2859755
1192966
622594
3203402
248142
902732
902732
17786
1680453
3050762
1252603
1751037
1751037
2540958
2540958
3822976
3822976
323163
323163
2705489
1382197
1223215
3084580
621331
481761
1841160
1841160
329723
329723
942052
942052
267929
3547650
2948543
3202396
3084837
488036
1750114
1750114
586130
586130
234077
234077
1940383
1940383
3109890
3109890
1777951
1777951
2657549
2657549
2859732
2859732
1192943
3203739
622931
621799
3202607
1253748
232588
3084773
621524
621713
3202521
248121
17765
1301448
3088740
3827999
233029
233029
1254189
1253724
232564
1252621
1751055
1751055
2540976
2540976
3822994
3822994
323181
323181
2705507
1300566
625090
248119
17763
3827997
233027
233027
1254187
3084559
621310
1381924
1222942
481787
1841186
1841186
329749
329749
942078
942078
267955
3119656
1334751
322286
2704612
2704612
3822099
3050667
902637
3050264
1680757
1680757
18090
18090
902234
238324
248446
3083885
620636
3087902
625134
1222260
1382433
1222244
1382417
3088443
1301151
514579
14809
14809
2135293
1301467
3088759
3548525
2949418
3547630
2948523
1381875
1222893
1300940
3088232
3547624
2948517
3084561
621312
1254014
232854
1749726
487648
622417
3203225
481749
1841148
1841148
329711
942040
267917
623376
3204184
3087964
1300672
1300937
3088229
1381596
1223491
1749667
487589
3050257
1680750
1680750
18083
18083
902227
238317
248439
3084583
621334
3548546
2949439
3120049
1335144
623393
3204201
1252615
1751049
1751049
2540970
2540970
3822988
3822988
323175
323175
2705501
622411
3203219
1383896
490517
1749714
487636
3083904
620655
1381500
1223395
3087957
1300665
481789
1841188
1841188
329751
329751
942080
942080
267957
3120588
1335683
622602
3203410
1749956
487878
3202403
3084844
1381900
1222918
3548555
2949448
1252636
1751070
1751070
2540991
2540991
3823009
3823009
323196
323196
2705522
1222628
1382801
238082
248204
17848
1680515
481805
1841204
1841204
329767
329767
942096
942096
267973
1335868
3120773
3547956
2948849
514589
14819
14819
2135303
1254052
232892
1222599
1382772
902149
238239
238029
248151
248151
902741
902741
17795
17795
1680462
1680462
3050771
1222573
1382746
3120574
1335669
3828018
233048
233048
1254208
3120615
1335710
622622
3203430
3548503
2949396
3828008
233038
233038
1254198
3202380
3084821
3120583
1335678
1751480
322260
322260
2704586
2704586
3822073
3822073
1253046
1253046
2541401
3088464
1301172
623361
3204169
267100
480932
480932
1840331
620233
3201041
3202392
3084833
3050695
902665
3050272
1680765
1680765
18098
238332
248454
622634
3203442
1085255
1085029
3050673
902643
3050636
902606
3086668
623419
1222296
1382469
3120607
1335702
1301479
3088771
3084577
621328
3086665
623416
1382020
1223038
1382023
1223041
1215769
489366
1215784
489381
1383914
490535
1085276
1085050
3204019
3086460
1382026
1223044
1381915
1222933
1301425
3088717
1749722
487644
3050286
1680779
1680779
18112
238346
248468
3548510
2949403
1215754
489351
1300950
3088242
3088242
625474
1335878
3120783
3120055
1335150
481764
1841163
1841163
329726
329726
942055
942055
267932
3086366
623117
1215772
489369
621718
3202526
1300915
3088207
1381510
1223405
1222617
1382790
1751473
322253
322253
2704579
2704579
3822066
3822066
1253039
1253039
2541394
3088489
1301197
1254036
232876
621708
3202516
3120077
1335172
3204031
3086472
1335908
3120813
1381920
1222938
3050669
902639
902174
238264
1253736
232576
1252610
1751044
1751044
2540965
2540965
3822983
3822983
323170
323170
2705496
3050266
1680759
1680759
18092
18092
902236
238326
248448
3083887
620638
3050276
1680769
1680769
18102
238336
248458
1381599
1223494
3050680
902650
1254023
232863
1300955
3088247
3548531
2949424
3088455
1301163
267053
480885
480885
1840284
1840284
330042
330042
942371
481794
1841193
1841193
329756
329756
942085
942085
267962
1749942
487864
3120032
1335127
622584
3203392
1381867
1222885
1335887
3120792
488073
1750151
1750151
586167
586167
234114
234114
1940420
1940420
3109927
3109927
1777988
1777988
2657586
2657586
2859769
2859769
1192980
1215787
489384
1253774
232614
267065
480897
480897
1840296
1840296
330054
330054
942383
1253845
232685
1383927
490548
3087994
1300702
1301463
3088755
3086686
623437
481799
1841198
1841198
329761
329761
942090
942090
267967
1252600
1751034
1751034
2540955
2540955
3822973
3822973
323160
323160
2705486
481784
1841183
1841183
329746
329746
942075
942075
267952
3119653
1334748
1381497
1223392
238366
248488
1335884
3120789
1301435
3088727
1382217
1223235
488078
1750156
1750156
586172
586172
234119
234119
1940425
1940425
3109932
3109932
1777993
1777993
2657591
2657591
2859774
2859774
1192985
625333
1300809
1222262
1382435
1382168
1223186
1383917
490538
514609
14839
14839
2135323
248132
17776
1749670
487592
3050260
1680753
1680753
18086
18086
902230
238320
248442
1381879
1222897
3088472
1301180
3202427
3084868
1222581
1382754
1222246
1382419
3087943
1300651
1382206
1223224
1301457
3088749
1381883
1222901
3088445
1301153
1253858
232698
3087978
1300686
3088476
1301184
1300541
625065
1382053
1223071
514581
14811
14811
2135295
1300529
625053
1301438
3088730
1085279
1085053
1301469
3088761
1300576
625100
514602
14832
14832
2135316
3087889
625121
1383923
490544
3084588
621339
3083878
620629
622617
3203425
1381478
1223373
3202431
3084872
902414
17468
3050301
1680794
1680794
18127
902271
238361
238361
248483
1749969
487891
3547937
2948830
623398
3204206
3547653
2948546
514614
14844
14844
2135328
1222253
1382426
620416
3201224
3203638
3086079
1222608
1382781
18056
902200
902200
238290
488032
1750110
1750110
586126
586126
234073
234073
1940379
1940379
3109886
3109886
1777947
1777947
2657545
2657545
2859728
2859728
1192939
3086362
623113
3203992
3086433
1381890
1222908
3203633
3086074
1381528
1223423
3204022
3086463
238078
248200
902790
17844
17844
1680511
1680511
3050820
3548527
2949420
3087974
1300682
267077
480909
480909
1840308
1840308
330066
330066
942395
3120593
1335688
1751490
322270
322270
2704596
2704596
3822083
3822083
1253056
1253056
2541411
1381611
1223506
1749697
487619
1253755
232595
1383911
490532
1383882
490503
3547632
2948525
3828040
233070
233070
1254230
3050294
1680787
1680787
18120
1382009
1223027
1222288
1382461
3548521
2949414
1383892
490513
3202399
3084840
3828004
233034
233034
1254194
1383885
490506
18062
902206
238354
248476
1749707
487629
3084608
621359
1222585
1382758
3083897
620648
622397
3203205
481771
1841170
1841170
329733
329733
942062
942062
267939
1300944
3088236
18034
902178
902178
238268
488064
1750142
1750142
586158
586158
234105
234105
1940411
1940411
3109918
3109918
1777979
1777979
2657577
2657577
2859760
2859760
1192971
1751463
322243
322243
2704569
2704569
3822056
3822056
1253029
1253029
2541384
1749691
487613
248113
17757
488039
1750117
1750117
586133
586133
234080
234080
1940386
1940386
3109893
3109893
1777954
1777954
2657552
2657552
2859735
2859735
1192946
1749974
487896
1382029
1223047
3827995
233025
233025
1254185
3087900
625132
481803
1841202
1841202
329765
329765
942094
942094
267971
1381918
1222936
1381877
1222895
3084586
621337
1300942
3088234
620441
3201249
620443
3201251
1301454
3088746
1222250
1382423
622455
3203263
3050248
1680741
1680741
18074
18074
902218
238308
248430
3547626
2948519
1749677
487599
3547657
2948550
3548549
2949442
3084563
621314
3050649
902619
18051
902195
902195
238285
3084741
621492
1254072
232912
620241
3201049
238040
248162
902752
17806
17806
1680473
1680473
3050782
1085288
1085062
3087982
1300690
3469466
1313859
622642
3203450
238047
248169
902759
17813
17813
1680480
1680480
3050789
1252646
1751080
1751080
2541001
2541001
3823019
3823019
323206
323206
2705532
248101
17745
267070
480902
480902
1840301
1840301
330059
330059
942388
3547642
2948535
3088480
1301188
3547670
2948563
3547949
2948842
620254
3201062
1254016
232856
902160
238250
18045
902189
902189
238279
3547635
2948528
3050251
1680744
1680744
18077
18077
902221
238311
248433
1300964
3088256
1383877
490498
1383868
490489
267091
480923
480923
1840322
1840322
330080
330080
942409
1300551
625075
1301431
3088723
1254047
232887
1749728
487650
622432
3203240
3828043
233073
233073
1254233
620445
3201253
1254029
232869
3822958
323145
323145
2705471
3087948
1300656
1222257
1382430
1222570
1382743
3204016
3086457
3204028
3086469
1749704
487626
248110
17754
622452
3203260
1085298
1085072
1254069
232909
238037
248159
902749
17803
17803
1680470
1680470
3050779
3202442
3084883
1301428
3088720
622419
3203227
623384
3204192
3086658
623409
623409
3204217
1382040
1223058
1749993
487915
3050297
1680790
1680790
18123
622422
3203230
481751
1841150
1841150
329713
942042
267919
3084779
621530
248126
17770
1751449
322229
322229
2704555
2704555
3822042
3822042
1253015
1253015
2541370
902142
238232
1749681
487603
3828032
233062
233062
1254222
622446
3203254
623378
3204186
267084
480916
480916
1840315
1840315
330073
330073
942402
623387
3204195
1382012
1223030
621802
3202610
902410
17464
620262
3201070
1253740
232580
1301443
3088735
3203625
3086066
620786
3201594
1382186
1223204
1222236
1382409
3084762
621513
3547925
2948818
3086661
623412
623412
3204220
621704
3202512
3087966
1300674
1382043
1223061
902418
17472
3084591
621342
1222291
1382464
3086334
623085
3120067
1335162
18040
902184
902184
238274
1085267
1085041
248141
17785
1680452
3050761
1253747
232587
3084772
621523
1253723
232563
1252620
1751054
1751054
2540975
2540975
3822993
3822993
323180
323180
2705506
3088442
1301150
3548524
2949417
3547629
2948522
1300939
3088231
1749725
487647
622416
3203224
623375
3204183
1252614
1751048
1751048
2540969
2540969
3822987
3822987
323174
323174
2705500
622410
3203218
1383895
490516
3083903
620654
3202402
3084843
1254051
232891
3120614
1335709
3828007
233037
233037
1254197
3202379
3084820
3050271
1680764
1680764
18097
18097
902241
238331
248453
3120091
1335186
1085275
1085049
1300914
3088206
1222616
1382789
902173
238263
1253735
232575
1381598
1223493
1254022
232862
622583
3203391
1253844
232684
1252599
1751033
1751033
2540954
2540954
3822972
3822972
323159
323159
2705485
238365
248487
1335883
3120788
1749669
487591
3050259
1680752
1680752
18085
18085
902229
238319
248441
3202426
3084867
3087942
1300650
1382205
1223223
1301456
3088748
514601
14831
14831
2135315
3050300
1680793
1680793
18126
902270
238360
238360
248482
1749968
487890
3547936
2948829
1222252
1382425
620415
3201223
488031
1750109
1750109
586125
586125
234072
234072
1940378
1940378
3109885
3109885
1777946
1777946
2657544
2657544
2859727
2859727
1192938
3120592
1335687
1383910
490531
1382008
1223026
488063
1750141
1750141
586157
586157
234104
234104
1940410
1940410
3109917
3109917
1777978
1777978
2657576
2657576
2859759
2859759
1192970
1749690
487612
3827994
233024
233024
1254184
3084585
621336
3548548
2949441
1252645
1751079
1751079
2541000
2541000
3823018
3823018
323205
323205
2705531
3050250
1680743
1680743
18076
18076
902220
238310
248432
1300963
3088255
1254046
232886
622431
3203239
3087947
1300655
1222256
1382429
3204027
3086468
1751448
322228
322228
2704554
2704554
3822041
3822041
1253014
1253014
2541369
1749680
487602
267083
480915
480915
1840314
1840314
330072
330072
942401
3547628
2948521
3050270
1680763
1680763
18096
18096
902240
238330
248452
1085274
1085048
1253734
232574
1382204
1223222
1749967
487889
3827993
233023
233023
1254183
1749679
487601
3547659
2948552
3120060
1335155
3120082
1335177
3547660
2948553
3548551
2949444
1253751
232591
1383888
490509
1383873
490494
623371
3204179
3086346
623097
622425
3203233
3084565
621316
3203613
3086054
3120629
1335724
3202433
3084874
622436
3203244
1382210
1223228
18065
902209
3120061
1335156
3204036
3086477
3547665
2948558
622606
3203414
3120051
1335146
3548541
2949434
3088459
1301167
1381471
1223366
3084601
621352
3050651
902621
3120083
1335178
3083881
620632
3547661
2948554
3828047
233077
233077
1254237
267060
480892
480892
1840291
1840291
330049
330049
942378
1749960
487882
1749933
487855
1222241
1382414
3548552
2949445
3547953
2948846
623395
3204203
18053
902197
902197
238287
1253752
232592
1383889
490510
620251
3201059
1383874
490495
3203622
3086063
1252617
1751051
1751051
2540972
2540972
3822990
3822990
323177
323177
2705503
622413
3203221
623372
3204180
514598
14828
14828
2135312
238357
248479
3203978
3086419
3086347
623098
620396
3201204
3202419
3084860
3084743
621494
3084767
621518
622426
3203234
3084566
621317
620390
3201198
3203981
3086422
3203614
3086055
3050688
902658
620283
3201091
620429
3201237
1383898
490519
620271
3201079
3120630
1335725
3202434
3084875
621724
3202532
1749716
487638
622437
3203245
622590
3203398
3086677
623428
489457
1215860
621792
3202600
3086374
623125
620243
3201051
1222265
1382438
621809
3202617
481754
1841153
1841153
329716
329716
942045
942045
267922
1382211
1223229
3083891
620642
3050289
1680782
1680782
18115
238349
248471
3548513
2949406
3086652
623403
623403
3204211
620404
3201212
3083870
620621
18066
902210
622629
3203437
3120062
1335157
3202407
3084848
3086350
623101
3204037
3086478
902165
238255
620399
3201207
622598
3203406
3120603
1335698
622638
3203446
3547666
2948559
3202422
3084863
3083906
620657
3088435
1301143
622607
3203415
3204008
3086449
3083917
620668
3084572
621323
1300536
625060
1751498
322278
322278
2704604
2704604
3822091
3822091
1253064
1253064
2541419
1383905
490526
1381502
1223397
3120052
1335147
1751487
322267
322267
2704593
2704593
3822080
3822080
1253053
1253053
2541408
489454
1215857
514558
14788
14788
2135272
1381485
1223380
238024
248146
248146
902736
902736
17790
17790
1680457
1680457
3050766
3202414
3084855
3204003
3086444
622854
3203662
3203662
3086103
3548542
2949435
3088460
1301168
3087970
1300678
1381472
1223367
3084602
621353
1751454
322234
322234
2704560
2704560
3822047
3822047
1253020
1253020
2541375
623353
3204161
3050641
902611
625008
3087776
238042
248164
902754
17808
17808
1680475
1680475
3050784
1085293
1085067
3087959
1300667
3086681
623432
1253728
232568
1749985
487907
1381904
1222922
3050652
902622
1382065
1223083
622403
3203211
1252642
1751076
1751076
2540997
2540997
3823015
3823015
323202
323202
2705528
1382175
1223193
3120084
1335179
620224
3201032
1253761
232601
514568
14798
14798
2135282
1215757
489354
1335904
3120809
1382171
1223189
3120635
1335730
3083882
620633
1301476
3088768
1252607
1751041
1751041
2540962
2540962
3822980
3822980
323167
323167
2705493
481791
1841190
1841190
329753
329753
942082
942082
267959
248129
17773
3548518
2949411
622394
3203202
3547946
2948839
3084776
621527
1749687
487609
3547662
2948555
3086371
623122
1085290
1085064
3547943
2948836
1253714
232554
3547930
2948823
3828048
233078
233078
1254238
1382060
1223078
267061
480893
480893
1840292
1840292
330050
330050
942379
1252595
1751029
1751029
2540950
2540950
3822968
3822968
323155
323155
2705481
1749961
487883
3084746
621497
1749934
487856
3087984
1300692
488057
1750135
1750135
586151
586151
234098
234098
1940404
1940404
3109911
3109911
1777972
1777972
2657570
2657570
2859753
2859753
1192964
248117
17761
3084557
621308
1222242
1382415
1749712
487634
3548553
2949446
3547954
2948847
621716
3202524
1751471
322251
322251
2704577
2704577
3822064
3822064
1253037
1253037
2541392
3548559
2949452
1300953
3088245
3088245
625477
3088453
1301161
488071
1750149
1750149
586165
586165
234112
234112
1940418
1940418
3109925
3109925
1777986
1777986
2657584
2657584
2859767
2859767
1192978
1253772
232612
625331
1300807
1253856
232696
3087887
625119
622615
3203423
1381476
1223371
623396
3204204
18054
902198
902198
238288
1253753
232593
1383890
490511
3084606
621357
620439
3201247
3050246
1680739
1680739
18072
18072
902216
238306
248428
3083929
620680
620252
3201060
1383875
490496
248124
17768
3203623
3086064
621702
3202510
902416
17470
1085265
1085039
3084770
621521
1253721
232561
1252618
1751052
1751052
2540973
2540973
3822991
3822991
323178
323178
2705504
622414
3203222
623373
3204181
3120089
1335184
3050303
1680796
1680796
18129
902273
238363
238363
248485
1335881
3120786
514599
14829
14829
2135313
238358
248480
3120590
1335685
622429
3203237
267081
480913
480913
1840312
1840312
330070
330070
942399
1253732
232572
1749965
487887
3120058
1335153
3120627
1335722
622604
3203412
1749958
487880
514596
14826
14826
2135310
620388
3201196
3203979
3086420
3202405
3084846
3086348
623099
620397
3201205
3202420
3084861
1751452
322232
322232
2704558
2704558
3822045
3822045
1253018
1253018
2541373
1381902
1222920
514566
14796
14796
2135280
3084744
621495
1749710
487632
3548557
2949450
622613
3203421
621700
3202508
1085263
1085037
3084768
621519
622427
3203235
1335896
3120801
3202386
3084827
3084567
621318
902145
238235
1252638
1751072
1751072
2540993
2540993
3823011
3823011
323198
323198
2705524
1085259
1085033
1382047
1223065
620391
3201199
620266
3201074
3547981
2948874
3203982
3086423
3203615
3086056
1252627
1751061
1751061
2540982
2540982
3823000
3823000
323187
323187
2705513
3050689
902659
238066
248188
902778
17832
17832
1680499
1680499
3050808
620430
3201238
1383899
490520
620272
3201080
3084611
621362
238059
248181
902771
17825
17825
1680492
1680492
3050801
3469468
1313861
3120631
1335726
3202435
3084876
621725
3202533
1749717
487639
1222588
1382761
622438
3203246
622591
3203399
3120580
1335675
3050677
902647
1751460
322240
322240
2704566
2704566
3822053
3822053
1253026
1253026
2541381
1749971
487893
329778
942107
1301451
3088743
3202439
3084880
622644
3203452
248138
17782
1680449
3050758
3083900
620651
621819
3202627
3204000
3086441
3086678
623429
622400
3203208
3084554
621305
329775
942104
3084733
621484
622840
3203648
3203648
3086089
489458
1215861
621793
3202601
3086375
623126
620244
3201052
1222266
1382439
238049
248171
902761
17815
17815
1680482
1680482
3050791
1335898
3120803
488017
1750095
1750095
586111
586111
234058
234058
1940364
1940364
3109871
3109871
1777932
1777932
2657530
2657530
2859713
2859713
1192924
621810
3202618
481755
1841154
1841154
329717
329717
942046
942046
267923
1252648
1751082
1751082
2541003
2541003
3823021
1382212
1223230
3083892
620643
622849
3203657
3203657
3086098
267096
480928
480928
1840327
330085
942414
3050290
1680783
1680783
18116
238350
248472
481767
1841166
1841166
329729
329729
942058
942058
267935
3548514
2949407
3547939
2948832
620435
3201243
3084259
621010
3203667
3086108
3086653
623404
623404
3204212
620405
3201213
1222630
1382803
3120622
1335717
3083871
620622
481774
1841173
1841173
329736
329736
942065
942065
267942
902422
17476
3050241
1680734
1680734
18067
18067
902211
3202388
3084829
622630
3203438
3120063
1335158
1253717
232557
3202408
3084849
3084736
621487
3086351
623102
238084
248206
17850
1680517
3086328
623079
481807
1841206
1841206
329769
329769
942098
942098
267975
3204038
3086479
902166
238256
248103
17747
620400
3201208
622599
3203407
3120604
1335699
622639
3203447
3547667
2948560
1253744
232584
3202423
3084864
1335893
3120798
267072
480904
480904
1840303
1840303
330061
330061
942390
3083907
620658
3088436
1301144
488023
1750101
1750101
586117
586117
234064
234064
1940370
1940370
3109877
3109877
1777938
1777938
2657536
2657536
2859719
2859719
1192930
622843
3203651
3203651
3086092
267041
480873
480873
1840272
1840272
330030
330030
942359
622608
3203416
3120043
1335138
1215780
489377
3203996
3086437
3204009
3086450
514574
14804
14804
2135288
1222276
1382449
3547618
2948511
1335870
3120775
3050660
902630
3547962
2948855
3083918
620669
3084573
621324
1300537
625061
1252591
1751025
1751025
2540946
2540946
3822964
3822964
323151
323151
2705477
3547958
2948851
238072
248194
902784
17838
17838
1680505
1680505
3050814
1751499
322279
322279
2704605
2704605
3822092
3822092
1253065
1253065
2541420
3547644
2948537
1222603
1382776
3050280
1680773
1680773
18106
238340
248462
3088482
1301190
1749684
487606
3828035
233065
233065
1254225
1383906
490527
514586
14816
14816
2135300
622449
3203257
267057
480889
480889
1840288
1840288
330046
330046
942375
3084569
621320
3547672
2948565
514591
14821
14821
2135305
1254054
232894
3828014
233044
233044
1254204
1381503
1223398
902147
238237
622620
3203428
3120053
1335148
1301461
3088753
1300527
625051
238076
248198
902788
17842
17842
1680509
1680509
3050818
267075
480907
480907
1840306
1840306
330064
330064
942393
1751488
322268
322268
2704594
2704594
3822081
3822081
1253054
1253054
2541409
3828002
233032
233032
1254192
18060
902204
902204
238294
3547640
2948533
902158
238248
3828030
233060
233060
1254220
902408
17462
1253865
232705
3547923
2948816
622408
3203216
1751446
322226
322226
2704552
2704552
3822039
3822039
1253012
1253012
2541367
3547951
2948844
620281
3201089
489455
1215858
1751485
322265
322265
2704591
2704591
3822078
3822078
1253051
1253051
2541406
1252640
1751074
1751074
2540995
2540995
3823013
3823013
323200
323200
2705526
3086369
623120
514594
14824
14824
2135308
514564
14794
14794
2135278
1085261
1085035
1751458
322238
322238
2704564
2704564
3822051
3822051
1253024
1253024
2541379
3547616
2948509
1222601
1382774
902156
238246
3547972
2948865
1215775
489372
902151
238241
620256
3201064
488049
1750127
1750127
586143
586143
234090
234090
1940396
1940396
3109903
3109903
1777964
1777964
2657562
2657562
2859745
2859745
1192956
1215763
489360
3547974
2948867
1381862
1222880
1840267
330025
330025
942354
514559
14789
14789
2135273
1335918
3120823
1381486
1223381
238025
248147
248147
902737
902737
17791
17791
1680458
1680458
3050767
623357
3204165
1382049
1223067
3469462
1313855
1254018
232858
620411
3201219
3202415
3084856
3204004
3086445
3083925
620676
621696
3084945
622855
3203663
3203663
3086104
238031
248153
902743
17797
17797
1680464
1680464
3050773
3084756
621507
621796
3202604
3548543
2949436
1749953
487875
3088461
1301169
1300947
3088239
3087971
1300679
248098
17742
623381
3204189
18037
902181
902181
238271
620393
3201201
620268
3201076
621721
3202529
3086649
623400
623400
3204208
3083867
620618
902162
238252
3083914
620665
1381473
1223368
3084603
621354
620385
3201193
3120040
1335135
1215777
489374
3828027
233057
233057
1254217
1751455
322235
322235
2704561
2704561
3822048
3822048
1253021
1253021
2541376
3083183
619934
902153
238243
3547969
2948862
623354
3204162
3050642
902612
3087999
1300707
3086378
623129
625009
3087777
1222575
1382748
1335929
3120834
267047
480879
480879
1840278
1840278
330036
330036
942365
1300918
3088210
1381603
1223498
1381896
1222914
620229
3201037
3203671
3086112
3203988
3086429
1085284
1085058
238043
248165
902755
17809
17809
1680476
1680476
3050785
267087
480919
480919
1840318
1840318
330076
330076
942405
1085294
1085068
620258
3201066
1254042
232882
620247
3201055
3050684
902654
488067
1750145
1750145
586161
586161
234108
234108
1940414
1940414
3109921
3109921
1777982
1777982
2657580
2657580
2859763
2859763
1192974
3120576
1335671
1749949
487871
3203984
3086425
1222269
1382442
238052
248174
902764
17818
17818
1680485
1680485
3050794
1300558
625082
3203617
3086058
3120597
1335692
1252629
1751063
1751063
2540984
2540984
3823002
3823002
323189
323189
2705515
3086356
623107
1300545
625069
620421
3201229
3828020
233050
233050
1254210
3120617
1335712
1381513
1223408
3087960
1300668
3050691
902661
3086682
623433
3050645
902615
1254065
232905
238068
248190
902780
17834
17834
1680501
1680501
3050810
3547919
2948812
3083910
620661
1300520
625044
1335923
3120828
17923
902067
1222281
1382454
1300909
3088201
18047
902191
902191
238281
3084597
621348
623390
3204198
3088469
1301177
3088439
1301147
3547933
2948826
1381482
1223377
1335901
3120806
1253729
232569
620432
3201240
488020
1750098
1750098
586114
586114
234061
234061
1940367
1940367
3109874
3109874
1777935
1777935
2657533
2657533
2859716
2859716
1192927
1222273
1382446
3547637
2948530
1840264
330022
330022
942351
17920
902064
1300906
3088198
1749986
487908
3827989
233019
233019
1254179
1381905
1222923
622624
3203432
3087990
1300698
1383901
490522
3050653
902623
621813
3202621
1335913
3120818
1382066
1223084
1301421
3088713
622404
3203212
620274
3201082
3084730
621481
3050657
902627
1335876
3120781
1252643
1751077
1751077
2540998
2540998
3823016
3823016
323203
323203
2705529
3548505
2949398
322283
2704609
2704609
3822096
3822096
1253069
238056
248178
902768
17822
17822
1680489
1680489
3050798
3088002
1300710
3828010
233040
233040
1254200
1382176
1223194
488051
1750129
1750129
586145
586145
234092
234092
1940398
1940398
3109905
3109905
1777966
1777966
2657564
2657564
2859747
2859747
1192958
3547609
2948502
1222620
1382793
1300932
3088224
1382015
1223033
1751466
322246
322246
2704572
2704572
3822059
3822059
1253032
1253032
2541387
1254010
232850
3050253
1680746
1680746
18079
18079
902223
238313
248435
1751476
322256
322256
2704582
2704582
3822069
3822069
1253042
1253042
2541397
1215765
489362
1749989
487911
621805
3202613
3120085
1335180
3202382
3084823
620225
3201033
3828051
233081
233081
1254241
1253762
232602
488026
1750104
1750104
586120
586120
234067
234067
1940373
1940373
3109880
3109880
1777941
1777941
2657539
2657539
2859722
2859722
1192933
3547976
2948869
514569
14799
14799
2135283
1215758
489355
248093
17737
3088492
1301200
3086381
623132
625012
3087780
481758
1841157
1841157
329720
329720
942049
942049
267926
3120585
1335680
1222596
1382769
1335905
3120810
1381864
1222882
1222578
1382751
1383920
490541
1749694
487616
1383879
490500
1383865
490486
1383870
490491
623368
3204176
514555
14785
14785
2135269
1749982
487904
1382172
1223190
1382057
1223075
622846
3203654
3203654
3086095
267093
480925
480925
1840324
1840324
330082
330082
942411
267038
480870
480870
1840269
1840269
330027
330027
942356
1751443
322223
3822036
1253009
1253009
2541364
620278
3201086
1751482
322262
322262
2704588
2704588
3822075
3822075
1253048
1253048
2541403
514561
14791
14791
2135275
267044
480876
480876
1840275
1840275
330033
330033
942362
1254039
232879
1335920
3120825
3088466
1301174
1300903
3088195
1222593
1382766
3086323
623074
623363
3204171
1300562
625086
3084613
621364
3087896
625128
1222612
1382785
1751494
322274
322274
2704600
2704600
3822087
3822087
1253060
1253060
2541415
1300553
625077
248088
17732
3084750
621501
620235
3201043
1381488
1223383
1381521
1223416
238061
248183
902773
17827
17827
1680494
1680494
3050803
1254057
232897
3547648
2948541
3202394
3084835
621711
3202519
1252651
1751085
1751085
2541006
3083883
620634
3050697
902667
238027
248149
248149
902739
902739
17793
17793
1680460
1680460
3050769
623359
3204167
1301477
3088769
3088487
1301195
1254034
232874
1252608
1751042
1751042
2540963
2540963
3822981
3822981
323168
323168
2705494
3050274
1680767
1680767
18100
238334
248456
481792
1841191
1841191
329754
329754
942083
942083
267960
3119651
1334746
1381495
1223390
1301433
3088725
1382215
1223233
248130
17774
1382051
1223069
514612
14842
14842
2135326
1381888
1222906
3548519
2949412
3083895
620646
622395
3203203
3547655
2948548
3469464
1313857
3547947
2948840
1254027
232867
3084777
621528
1254049
232889
1254020
232860
620413
3201221
1749730
487652
1749688
487610
3120080
1335175
3203611
3086052
622434
3203242
3204034
3086475
3547663
2948556
3828045
233075
233075
1254235
3202417
3084858
620427
3201235
621790
3202598
3086372
623123
622636
3203444
3204006
3086447
3202412
3084853
622852
3203660
3203660
3086101
1085291
1085065
1382063
1223081
3120633
1335728
1301474
3088766
3547944
2948837
3083927
620678
622611
3203419
621698
3084947
1085257
1085031
3050675
902645
3202437
3084878
621817
3202625
3084552
621303
622857
3203665
3203665
3086106
1253715
232555
3086326
623077
620447
3201255
1300525
625049
1749947
487869
3084595
621346
3547931
2948824
1335911
3120816
3828049
233079
233079
1254239
623366
3204174
1382061
1223079
3120046
1335141
3548500
2949393
1749719
487641
267050
480882
480882
1840281
1840281
330039
330039
942368
267062
480894
480894
1840293
1840293
330051
330051
942380
3204013
3086454
1749701
487623
1252596
1751030
1751030
2540951
2540951
3822969
3822969
323156
323156
2705482
3050638
902608
625328
1300804
1749962
487884
248135
17779
3120037
1335132
1301418
3088710
1222590
1382763
3084747
621498
1254031
232871
3086670
623421
1300572
625096
1749673
487595
238033
248155
902745
17799
17799
1680466
1680466
3050775
2540942
3822960
3822960
323147
323147
2705473
1253851
232691
1253766
232606
1749935
487857
3084758
621509
1222298
1382471
3086673
623424
3087985
1300693
622440
3203248
3120609
1335704
3087950
1300658
1300921
3088213
1381606
1223501
488058
1750136
1750136
586152
586152
234099
234099
1940405
1940405
3109912
3109912
1777973
1777973
2657571
2657571
2859754
2859754
1192965
622593
3203401
3084579
621330
488035
1750113
1750113
586129
586129
234076
234076
1940382
1940382
3109889
3109889
1777950
1777950
2657548
2657548
2859731
2859731
1192942
621798
3202606
1301447
3088739
1300565
625089
248118
17762
3084558
621309
1381923
1222941
3050666
902636
3050263
1680756
1680756
18089
18089
902233
238323
248445
1222259
1382432
1222243
1382416
514578
14808
14808
2135292
1381874
1222892
3548545
2949438
3120048
1335143
1749713
487635
1749955
487877
1381899
1222917
3548554
2949447
3547955
2948848
1222572
1382745
3828017
233047
233047
1254207
3548502
2949395
3120582
1335677
3088463
1301171
267099
480931
480931
1840330
620232
3201040
3050672
902642
3086667
623418
1222295
1382468
1382022
1223040
1215783
489380
3204018
3086459
1382025
1223043
1749721
487643
3050285
1680778
1680778
18111
238345
248467
1300949
3088241
3088241
625473
3086365
623116
1215771
489368
621717
3202525
1381509
1223404
1751472
322252
322252
2704578
2704578
3822065
3822065
1253038
1253038
2541393
3204030
3086471
3548560
2949453
3050679
902649
1300954
3088246
3088246
625478
3088454
1301162
3203674
3086115
267052
480884
480884
1840283
1840283
330041
330041
942370
1749941
487863
3120031
1335126
488072
1750150
1750150
586166
586166
234113
234113
1940419
1940419
3109926
3109926
1777987
1777987
2657585
2657585
2859768
2859768
1192979
1215786
489383
1253773
232613
267064
480896
480896
1840295
1840295
330053
330053
942382
481798
1841197
1841197
329760
329760
942089
942089
267966
625332
1300808
1383916
490537
1381882
1222900
1253857
232697
3088475
1301183
1085278
1085052
1300575
625099
3087888
625120
622616
3203424
1381477
1223372
3202430
3084871
902413
17467
623397
3204205
1222607
1382780
18055
902199
902199
238289
3086361
623112
3203991
3086432
3203632
3086073
1381527
1223422
3204021
3086462
3087973
1300681
1253754
232594
3050293
1680786
1680786
18119
1383891
490512
238353
248475
1749706
487628
3084607
621358
1222584
1382757
481770
1841169
1841169
329732
329732
942061
942061
267938
902177
238267
1751462
322242
322242
2704568
2704568
3822055
3822055
1253028
1253028
2541383
248112
17756
1749973
487895
1382028
1223046
3087899
625131
1381917
1222935
620440
3201248
1301453
3088745
1222249
1382422
622454
3203262
3050247
1680740
1680740
18073
18073
902217
238307
248429
1749676
487598
3084740
621491
1254071
232911
238039
248161
902751
17805
17805
1680472
1680472
3050781
3083930
620681
1085287
1085061
238046
248168
902758
17812
17812
1680479
1680479
3050788
248100
17744
267069
480901
480901
1840300
1840300
330058
330058
942387
620253
3201061
1383876
490497
267090
480922
480922
1840321
1840321
330079
330079
942408
1300550
625074
1301430
3088722
3822957
323144
323144
2705470
1222569
1382742
3204015
3086456
1749703
487625
1085297
1085071
238036
248158
902748
17802
17802
1680469
1680469
3050778
3202441
3084882
1301427
3088719
623383
3204191
3086657
623408
623408
3204216
622421
3203229
248125
17769
623386
3204194
620261
3201069
1253739
232579
3203624
3086065
3086660
623411
623411
3204219
621703
3202511
1382042
1223060
902417
17471
3086333
623084
18039
902183
902183
238273
1085266
1085040
248140
17784
1680451
3050760
3084771
621522
1253722
232562
1252619
1751053
1751053
2540974
2540974
3822992
3822992
323179
323179
2705505
1749724
487646
622415
3203223
623374
3204182
1252613
1751047
1751047
2540968
2540968
3822986
3822986
323173
323173
2705499
3083902
620653
3120090
1335185
1222615
1382788
622582
3203390
1253843
232683
1252598
1751032
1751032
2540953
2540953
3822971
3822971
323158
323158
2705484
3050304
1680797
1680797
18130
902274
238364
238364
248486
1335882
3120787
514600
14830
14830
2135314
3050299
1680792
1680792
18125
902269
238359
238359
248481
488030
1750108
1750108
586124
586124
234071
234071
1940377
1940377
3109884
3109884
1777945
1777945
2657543
2657543
2859726
2859726
1192937
3120591
1335686
1300962
3088254
1254045
232885
622430
3203238
3087946
1300654
1222255
1382428
267082
480914
480914
1840313
1840313
330071
330071
942400
3050269
1680762
1680762
18095
18095
902239
238329
248451
1085273
1085047
1253733
232573
1382203
1223221
1749966
487888
3827992
233022
233022
1254182
3120059
1335154
622424
3203232
3120628
1335723
1382209
1223227
622605
3203413
1749959
487881
1749932
487854
620250
3201058
3203621
3086062
514597
14827
14827
2135311
3203977
3086418
620395
3201203
620389
3201197
3203980
3086421
3050687
902657
620270
3201078
621723
3202531
622589
3203397
481753
1841152
1841152
329715
942044
267921
3083890
620641
3050288
1680781
1680781
18114
238348
248470
3548512
2949405
3086651
623402
623402
3204210
3083869
620620
3202406
3084847
3086349
623100
902164
238254
620398
3201206
3120602
1335697
3202421
3084862
3083916
620667
1300535
625059
1751497
322277
322277
2704603
2704603
3822090
3822090
1253063
1253063
2541418
489453
1215856
3204002
3086443
1751453
322233
322233
2704559
2704559
3822046
3822046
1253019
1253019
2541374
3050640
902610
3086680
623431
1253727
232567
1381903
1222921
622402
3203210
620223
3201031
1253760
232600
514567
14797
14797
2135281
1215756
489353
248128
17772
3548517
2949410
3547942
2948835
1253713
232553
3084745
621496
248116
17760
3084556
621307
1749711
487633
3548558
2949451
1300952
3088244
3088244
625476
3088452
1301160
488070
1750148
1750148
586164
586164
234111
234111
1940417
1940417
3109924
3109924
1777985
1777985
2657583
2657583
2859766
2859766
1192977
625330
1300806
1253855
232695
622614
3203422
1381475
1223370
3084605
621356
620438
3201246
620791
3201599
621701
3202509
1085264
1085038
3084769
621520
1335880
3120785
622428
3203236
1749964
487886
3120057
1335152
620387
3201195
1751451
322231
322231
2704557
2704557
3822044
3822044
1253017
1253017
2541372
902144
238234
620265
3201073
3547980
2948873
1252626
1751060
1751060
2540981
2540981
3822999
3822999
323186
323186
2705512
3120579
1335674
329777
942106
248137
17781
3203999
3086440
481812
1841211
1841211
329774
329774
942103
942103
267980
622839
3203647
3203647
3086088
1335897
3120802
481766
1841165
1841165
329728
329728
942057
942057
267934
3202387
3084828
3084735
621486
1253743
232583
622842
3203650
3203650
3086091
3120042
1335137
1215779
489376
514573
14803
14803
2135287
1252590
1751024
1751024
2540945
2540945
3822963
3822963
323150
323150
2705476
3050279
1680772
1680772
18105
238339
248461
1749683
487605
3828034
233064
233064
1254224
514585
14815
14815
2135299
622448
3203256
3084568
621319
902146
238236
1301460
3088752
3828029
233059
233059
1254219
1252639
1751073
1751073
2540994
2540994
3823012
3823012
323199
323199
2705525
3086368
623119
1085260
1085034
1751457
322237
322237
2704563
2704563
3822050
3822050
1253023
1253023
2541378
3083185
619936
3547615
2948508
902155
238245
3547971
2948864
1215774
489371
488048
1750126
1750126
586142
586142
234089
234089
1940395
1940395
3109902
3109902
1777963
1777963
2657561
2657561
2859744
2859744
1192955
1215762
489359
1335917
3120822
3084262
621013
623356
3204164
1382048
1223066
3083924
620675
3084755
621506
621795
3202603
1749952
487874
248097
17741
623380
3204188
620392
3201200
620267
3201075
621720
3202528
3120039
1335134
3828026
233056
233056
1254216
3086377
623128
1335928
3120833
3547982
2948875
1300917
3088209
1381602
1223497
3203670
3086111
3203987
3086428
267086
480918
480918
1840317
1840317
330075
330075
942404
620246
3201054
3050683
902653
3203983
3086424
1222268
1382441
238051
248173
902763
17817
17817
1680484
1680484
3050793
1300557
625081
3203616
3086057
1252628
1751062
1751062
2540983
2540983
3823001
3823001
323188
323188
2705514
3086355
623106
620420
3201228
1381512
1223407
3050690
902660
3050644
902614
238067
248189
902779
17833
17833
1680500
1680500
3050809
1222280
1382453
623389
3204197
1381481
1223376
1335900
3120805
620431
3201239
488019
1750097
1750097
586113
586113
234060
234060
1940366
1940366
3109873
3109873
1777934
1777934
2657532
2657532
2859715
2859715
1192926
1222272
1382445
17919
902063
3087989
1300697
1383900
490521
621812
3202620
1301420
3088712
620273
3201081
238055
248177
902767
17821
17821
1680488
1680488
3050797
3088001
1300709
1222619
1382792
1300931
3088223
1382014
1223032
1751475
322255
322255
2704581
2704581
3822068
3822068
1253041
1253041
2541396
1300583
625107
621804
3202612
248092
17736
3088491
1301199
3086380
623131
625011
3087779
481757
1841156
1841156
329719
329719
942048
942048
267925
1222577
1382750
625018
3087786
514554
14784
14784
2135268
1254038
232878
1222592
1382765
1335931
3120836
1300561
625085
3084612
621363
1222611
1382784
3084749
621500
1381520
1223415
238060
248182
902772
17826
17826
1680493
1680493
3050802
621710
3202518
1252650
1751084
1751084
2541005
1254033
232873
1382214
1223232
3083894
620645
1254026
232866
3120079
1335174
3204033
3086474
620426
3201234
622851
3203659
3203659
3086100
3120632
1335727
3202436
3084877
1749946
487868
1335910
3120815
1749718
487640
267049
480881
480881
1840280
1840280
330038
330038
942367
3204012
3086453
625327
1300803
3120036
1335131
1222589
1382762
1253850
232690
3086672
623423
622439
3203247
1300920
3088212
1381605
1223500
622592
3203400
1301446
3088738
1381922
1222940
514577
14807
14807
2135291
1381898
1222916
3120581
1335676
267098
480930
480930
1840329
620231
3201039
3050671
902641
3050284
1680777
1680777
18110
238344
248466
1381508
1223403
3050678
902648
3203673
3086114
1749940
487862
3120030
1335125
1300574
625098
902412
17466
3203990
3086431
3203631
3086072
3050292
1680785
1680785
18118
238352
248474
481769
1841168
1841168
329731
329731
942060
942060
267937
902176
238266
1751461
322241
322241
2704567
2704567
3822054
3822054
1253027
1253027
2541382
1749972
487894
329779
942108
1301452
3088744
1749675
487597
1085286
1085060
238045
248167
902757
17811
17811
1680478
1680478
3050787
267089
480921
480921
1840320
1840320
330078
330078
942407
1085296
1085070
238035
248157
902747
17801
17801
1680468
1680468
3050777
3202440
3084881
3086656
623407
623407
3204215
620260
3201068
1253738
232578
3086332
623083
248139
17783
1680450
3050759
1252612
1751046
1751046
2540967
2540967
3822985
3822985
323172
323172
2705498
3083901
620652
1253842
232682
1254044
232884
3050268
1680761
1680761
18094
18094
902238
238328
248450
1749931
487853
620249
3201057
3203620
3086061
3050686
902656
622588
3203396
3083889
620640
3120601
1335696
3204001
3086442
3086679
623430
622401
3203209
620222
3201030
1253759
232599
3548516
2949409
3547941
2948834
3084555
621306
488069
1750147
1750147
586163
586163
234110
234110
1940416
1940416
3109923
3109923
1777984
1777984
2657582
2657582
2859765
2859765
1192976
1253854
232694
620437
3201245
620264
3201072
3120578
1335673
329776
942105
481811
1841210
1841210
329773
329773
942102
942102
267979
622838
3203646
3203646
3086087
3084734
621485
1253742
232582
622841
3203649
3203649
3086090
489459
1215862
1252589
1751023
1751023
2540944
2540944
3822962
3822962
323149
323149
2705475
3050278
1680771
1680771
18104
238338
248460
3088497
1301205
3084261
621012
3083923
620674
3084754
621505
621794
3202602
1749951
487873
3086376
623127
1381601
1223496
3203669
3086110
3203986
3086427
620245
3201053
3050682
902652
1222267
1382440
238050
248172
902762
17816
17816
1680483
1680483
3050792
1300556
625080
620419
3201227
1222279
1382452
1335899
3120804
488018
1750096
1750096
586112
586112
234059
234059
1940365
1940365
3109872
3109872
1777933
1777933
2657531
2657531
2859714
2859714
1192925
1222271
1382444
17918
902062
621811
3202619
238054
248176
902766
17820
17820
1680487
1680487
3050796
1300582
625106
248091
17735
481756
1841155
1841155
329718
329718
942047
942047
267924
1300560
625084
1252649
1751083
1751083
2541004
2541004
3823022
1382213
1223231
3083893
620644
1254025
232865
622850
3203658
3203658
3086099
625326
1300802
1253849
232689
1301445
3088737
267097
480929
480929
1840328
1381507
1223402
3120029
1335124
3050291
1680784
1680784
18117
238351
248473
481768
1841167
1841167
329730
329730
942059
942059
267936
3086655
623406
623406
3204214
1253841
232681
3203619
3086060
3120600
1335695
3548515
2949408
3547940
2948833
1253853
232693
620436
3201244
3088496
1301204
3084260
621011
3084753
621504
3203668
3086109
620418
3201226
1300581
625105
1381506
1223401
3086654
623405
623405
3204213
3120599
1335694
488042
1750120
1750120
586136
586136
234083
234083
1940389
1940389
3109896
3109896
1777957
1777957
2657555
2657555
2859738
2859738
1192949
620406
3201214
1222631
1382804
3120623
1335718
3203627
3086068
3203640
3086081
3083872
620623
1252631
1751065
1751065
2540986
2540986
3823004
3823004
323191
323191
2705517
1300957
3088249
488043
1750121
1750121
586137
586137
234084
234084
1940390
1940390
3109897
3109897
1777958
1777958
2657556
2657556
2859739
2859739
1192950
481775
1841174
1841174
329737
329737
942066
942066
267943
902423
17477
1749977
487899
1253768
232608
3050242
1680735
1680735
18068
18068
902212
620407
3201215
3547621
2948514
3202389
3084830
622631
3203439
1382165
1223183
1222632
1382805
620238
3201046
3120064
1335159
1253718
232558
3120624
1335719
1335873
3120778
3202409
3084850
3050663
902633
1381871
1222889
3086358
623109
3084737
621488
1300547
625071
620788
3201596
3086352
623103
620423
3201231
1749937
487859
3203628
3086069
3086329
623080
481808
1841207
1841207
329770
329770
942099
942099
267976
1382188
1223206
3204039
3086480
3203641
3086082
3086340
623091
3083873
620624
1252632
1751066
1751066
2540987
2540987
3823005
3823005
323192
323192
2705518
3547965
2948858
1300958
3088250
488044
1750122
1750122
586138
586138
234085
234085
1940391
1940391
3109898
3109898
1777959
1777959
2657557
2657557
2859740
2859740
1192951
3828022
233052
233052
1254212
1381908
1222926
3548533
2949426
481776
1841175
1841175
329738
329738
942067
942067
267944
902167
238257
902424
17478
1749978
487900
1381491
1223386
1382191
1223209
248104
17748
1382032
1223050
1381912
1222930
3548507
2949400
1222238
1382411
3084764
621515
620401
3201209
3547927
2948820
1253769
232609
3050243
1680736
1680736
18069
18069
902213
3120619
1335714
620408
3201216
3548497
2949390
1381524
1223419
1381515
1223410
1382195
1223213
3547622
2948515
3087962
1300670
3087955
1300663
622600
3203408
1222626
1382799
3202390
3084831
3050693
902663
622632
3203440
3120605
1335700
3086663
623414
623414
3204222
621706
3202514
3086684
623435
1382166
1223184
3050647
902617
620239
3201047
622640
3203448
3547668
2948561
1254067
232907
1382184
1223202
3084760
621511
3120065
1335160
1253745
232585
3202424
3084865
3088457
1301165
3086675
623426
3087968
1300676
1253719
232559
3120625
1335720
1335894
3120799
1382045
1223063
238064
248186
902776
17830
17830
1680497
1680497
3050806
902420
17474
1335891
3120796
238070
248192
902782
17836
17836
1680503
1680503
3050812
267055
480887
480887
1840286
1840286
330044
330044
942373
267073
480905
480905
1840304
1840304
330062
330062
942391
1253863
232703
3547921
2948814
3469460
1313853
3083912
620663
3083908
620659
3088437
1301145
1335874
3120779
488024
1750102
1750102
586118
586118
234065
234065
1940371
1940371
3109878
3109878
1777939
1777939
2657537
2657537
2859720
2859720
1192931
3086385
623136
622844
3203652
3203652
3086093
267042
480874
480874
1840273
1840273
330031
330031
942360
1381886
1222904
3202410
3084851
622609
3203417
3084593
621344
3120044
1335139
3050664
902634
1381872
1222890
1222293
1382466
1215781
489378
481796
1841195
1841195
329758
329758
942087
942087
267964
3086359
623110
3084738
621489
1300548
625072
1382201
1223219
1300533
625057
620789
3201597
1252624
1751058
1751058
2540979
2540979
3822997
3822997
323184
323184
2705510
3203997
3086438
3086353
623104
3087987
1300695
625016
3087784
1381518
1223413
620424
3201232
1749944
487866
3204010
3086451
3120034
1335129
514575
14805
14805
2135289
1749938
487860
3203629
3086070
3086330
623081
622586
3203394
620220
3201028
481809
1841208
1841208
329771
329771
942100
942100
267977
3203644
3086085
3083921
620672
1222277
1382450
17916
902060
3547619
2948512
1335871
3120776
3050661
902631
1381869
1222887
3086338
623089
3547963
2948856
1382189
1223207
1335889
3120794
3203642
3086083
3083919
620670
3086336
623087
3086341
623092
3120069
1335164
3083874
620625
622442
3203250
3548537
2949430
1252633
1751067
1751067
2540988
2540988
3823006
3823006
323193
323193
2705519
3084574
621325
488075
1750153
1750153
586169
586169
234116
234116
1940422
1940422
3109929
3109929
1777990
1777990
2657588
2657588
2859771
2859771
1192982
1300538
625062
18042
902186
902186
238276
3120611
1335706
3086343
623094
1381468
1223363
1252592
1751026
1751026
2540947
2540947
3822965
3822965
323152
323152
2705478
3547959
2948852
238073
248195
902785
17839
17839
1680506
1680506
3050815
3547966
2948859
1751500
322280
322280
2704606
2704606
3822093
3822093
1253066
1253066
2541421
3547645
2948538
1300522
625046
1222604
1382777
1300959
3088251
1215789
489386
488045
1750123
1750123
586139
586139
234086
234086
1940392
1940392
3109899
3109899
1777960
1777960
2657558
2657558
2859741
2859741
1192952
3828023
233053
233053
1254213
1335925
3120830
3050281
1680774
1680774
18107
238341
248463
1381909
1222927
3087952
1300660
3548534
2949427
481779
1841178
1841178
329741
329741
942070
942070
267947
3120073
1335168
3088483
1301191
1085269
1085043
3088448
1301156
1222283
1382456
1253776
232616
1300569
625093
248108
17752
1749685
487607
267067
480899
480899
1840298
1840298
330056
330056
942385
1253847
232687
481777
1841176
1841176
329739
329739
942068
942068
267945
3120071
1335166
1254060
232900
1382036
1223054
1300923
3088215
902401
17455
902168
238258
3828036
233066
233066
1254226
1751439
322219
1253005
2541360
1300927
3088219
1381608
1223503
1300911
3088203
1383907
490528
488060
1750138
1750138
586154
586154
234101
234101
1940407
1940407
3109914
3109914
1777975
1777975
2657573
2657573
2859756
2859756
1192967
622595
3203403
902425
17479
238021
248143
248143
902733
902733
17787
17787
1680454
1680454
3050763
1252604
1751038
1751038
2540959
2540959
3822977
3822977
323164
323164
2705490
3087996
1300704
1749979
487901
1381492
1223387
1382192
1223210
1382181
1223199
1382198
1223216
248105
17749
1382033
1223051
1301465
3088757
3084581
621332
514587
14817
14817
2135301
1381913
1222931
3548508
2949401
481762
1841161
1841161
329724
329724
942053
942053
267930
481782
1841181
1841181
329744
329744
942073
942073
267950
514607
14837
14837
2135321
3083876
620627
3547651
2948544
3202397
3084838
488037
1750115
1750115
586131
586131
234078
234078
1940384
1940384
3109891
3109891
1777952
1777952
2657550
2657550
2859733
2859733
1192944
481801
1841200
1841200
329763
329763
942092
942092
267969
18049
902193
902193
238283
3203740
622932
622450
3203258
622444
3203252
621800
3202608
1253749
232589
3548539
2949432
3084599
621350
267058
480890
480890
1840289
1840289
330047
330047
942376
1222239
1382412
3084765
621516
620402
3201210
622627
3203435
3084570
621321
3084774
621525
3547928
2948821
621714
3202522
1253770
232610
3050244
1680737
1680737
18070
18070
902214
238304
248426
248122
17766
1301449
3088741
3120620
1335715
3828000
233030
233030
1254190
514592
14822
14822
2135306
620409
3201217
1254063
232903
1382070
1223088
1254055
232895
3548498
2949391
3828015
233045
233045
1254205
1381525
1223420
1253725
232565
1381504
1223399
1253861
232701
1252622
1751056
1751056
2540977
2540977
3822995
3822995
323182
323182
2705508
1381516
1223411
1300567
625091
1252602
1751036
1751036
2540957
2540957
3822975
3822975
323162
323162
2705488
1382196
1223214
248120
17764
3827998
233028
233028
1254188
481786
1841185
1841185
329748
329748
942077
942077
267954
3119655
1334750
3547623
2948516
3084560
621311
1381925
1222943
3087963
1300671
623392
3204200
1381499
1223394
3087956
1300664
481788
1841187
1841187
329750
329750
942079
942079
267956
622601
3203409
1252635
1751069
1751069
2540990
2540990
3823008
3823008
323195
323195
2705521
1222627
1382800
902148
238238
3120573
1335668
622621
3203429
3202391
3084832
3050694
902664
622633
3203441
3050635
902605
3120606
1335701
3084576
621327
3086664
623415
3120054
1335149
621707
3202515
3120076
1335171
322287
2704613
2704613
3822100
3050668
902638
3050265
1680758
1680758
18091
18091
902235
238325
248447
3083886
620637
3087903
625135
1335886
3120791
3087993
1300701
1301462
3088754
3086685
623436
488077
1750155
1750155
586171
586171
234118
234118
1940424
1940424
3109931
3109931
1777992
1777992
2657590
2657590
2859773
2859773
1192984
1222261
1382434
1382167
1223185
3088471
1301179
1222245
1382418
3088444
1301152
1300540
625064
514580
14810
14810
2135294
1300528
625052
1301437
3088729
1301468
3088760
238077
248199
902789
17843
17843
1680510
1680510
3050819
3548526
2949419
267076
480908
480908
1840307
1840307
330065
330065
942394
1751489
322269
322269
2704595
2704595
3822082
3822082
1253055
1253055
2541410
3547631
2948524
1222287
1382460
3828003
233033
233033
1254193
18061
902205
1381876
1222894
1300941
3088233
3547625
2948518
3084562
621313
3050648
902618
620240
3201048
3087981
1300689
622641
3203449
3547641
2948534
3088479
1301187
3547669
2948562
1254015
232855
902159
238249
18044
902188
902188
238278
1749727
487649
1254068
232908
622418
3203226
1382039
1223057
481750
1841149
1841149
329712
942041
267918
902141
238231
3828031
233061
233061
1254221
623377
3204185
902409
17463
1301442
3088734
1253866
232706
1382185
1223203
3084761
621512
3547924
2948817
3087965
1300673
3120066
1335161
1253746
232586
3088441
1301149
1300938
3088230
622409
3203217
3120613
1335708
1381597
1223492
1749668
487590
3050258
1680751
1680751
18084
18084
902228
238318
248440
3202425
3084866
3547935
2948828
3084584
621335
3548547
2949440
1751447
322227
322227
2704553
2704553
3822040
3822040
1253013
1253013
2541368
3086345
623096
3120050
1335145
3088458
1301166
1381470
1223365
3547952
2948845
623394
3204202
1252616
1751050
1751050
2540971
2540971
3822989
3822989
323176
323176
2705502
622412
3203220
620282
3201090
1383897
490518
1749715
487637
3086676
623427
489456
1215859
1222264
1382437
3083905
620656
3088434
1301142
1383904
490525
1381501
1223396
1751486
322266
322266
2704592
2704592
3822079
3822079
1253052
1253052
2541407
1381484
1223379
3087969
1300677
3087958
1300666
1252641
1751075
1751075
2540996
2540996
3823014
3823014
323201
323201
2705527
1335903
3120808
1382170
1223188
481790
1841189
1841189
329752
329752
942081
942081
267958
3086370
623121
1252594
1751028
1751028
2540949
2540949
3822967
3822967
323154
323154
2705480
1253720
232560
3120589
1335684
1253731
232571
3120626
1335721
622603
3203411
1749957
487879
514595
14825
14825
2135309
3202404
3084845
1381901
1222919
514565
14795
14795
2135279
3548556
2949449
1085262
1085036
1335895
3120800
1252637
1751071
1751071
2540992
2540992
3823010
3823010
323197
323197
2705523
1382046
1223064
238065
248187
902777
17831
17831
1680498
1680498
3050807
1751459
322239
322239
2704565
2704565
3822052
3822052
1253025
1253025
2541380
488016
1750094
1750094
586110
586110
234057
234057
1940363
1940363
3109870
3109870
1777931
1777931
2657529
2657529
2859712
2859712
1192923
620434
3201242
1222629
1382802
902421
17475
238083
248205
17849
1680516
481806
1841205
1841205
329768
329768
942097
942097
267974
1335892
3120797
488022
1750100
1750100
586116
586116
234063
234063
1940369
1940369
3109876
3109876
1777937
1777937
2657535
2657535
2859718
2859718
1192929
3203995
3086436
1222275
1382448
3547617
2948510
1335869
3120774
3547961
2948854
3547957
2948850
238071
248193
902783
17837
17837
1680504
1680504
3050813
1222602
1382775
267056
480888
480888
1840287
1840287
330045
330045
942374
514590
14820
14820
2135304
1254053
232893
238075
248197
902787
17841
17841
1680508
1680508
3050817
267074
480906
480906
1840305
1840305
330063
330063
942392
18059
902203
902203
238293
3547639
2948532
902157
238247
1253864
232704
3547922
2948815
1222600
1382773
902150
238240
3547973
2948866
1840266
330024
330024
942353
3469461
1313854
238030
248152
902742
17796
17796
1680463
1680463
3050772
3083913
620664
1215776
489373
902152
238242
3547968
2948861
1222574
1382747
1085283
1085057
620257
3201065
3120575
1335670
1300544
625068
3828019
233049
233049
1254209
3120616
1335711
3083909
620660
17922
902066
1300908
3088200
3088438
1301146
1840263
330021
622623
3203431
3084729
621480
3050656
902626
1335875
3120780
3548504
2949397
1751502
322282
322282
2704608
2704608
3822095
3822095
1253068
1253068
2541423
3828009
233039
233039
1254199
488050
1750128
1750128
586144
586144
234091
234091
1940397
1940397
3109904
3109904
1777965
1777965
2657563
2657563
2859746
2859746
1192957
1215764
489361
1749988
487910
3202381
3084822
488025
1750103
1750103
586119
586119
234066
234066
1940372
1940372
3109879
3109879
1777940
1777940
2657538
2657538
2859721
2859721
1192932
3547975
2948868
3086386
623137
3120584
1335679
1381863
1222881
1383919
490540
1382056
1223074
622845
3203653
3203653
3086094
267037
480869
480869
1840268
1840268
330026
330026
942355
1751481
322261
322261
2704587
2704587
3822074
3822074
1253047
1253047
2541402
514560
14790
14790
2135274
267043
480875
480875
1840274
1840274
330032
330032
942361
1335919
3120824
3088465
1301173
623362
3204170
3087895
625127
620234
3201042
1381487
1223382
3547647
2948540
3202393
3084834
3050696
902666
238026
248148
248148
902738
902738
17792
17792
1680459
1680459
3050768
623358
3204166
3088486
1301194
3050273
1680766
1680766
18099
238333
248455
1382050
1223068
514611
14841
14841
2135325
1381887
1222905
3469463
1313856
1254019
232859
620412
3201220
3202416
3084857
622635
3203443
3204005
3086446
3202411
3084852
1301473
3088765
3083926
620677
622610
3203418
621697
3084946
1085256
1085030
3050674
902644
621816
3202624
622856
3203664
3203664
3086105
1300524
625048
3084594
621345
3120045
1335140
3050637
902607
248134
17778
3086669
623420
1749672
487594
238032
248154
902744
17798
17798
1680465
1680465
3050774
3084757
621508
1222297
1382470
3120608
1335703
1301480
3088772
3084578
621329
621797
3202605
3050665
902635
3050262
1680755
1680755
18088
18088
902232
238322
248444
1381873
1222891
3548544
2949437
1749954
487876
3088462
1301170
3086666
623417
1222294
1382467
1382021
1223039
1215782
489379
1382024
1223042
1300948
3088240
1215770
489367
1215785
489382
481797
1841196
1841196
329759
329759
942088
942088
267965
1383915
490536
1381881
1222899
3088474
1301182
1085277
1085051
3202429
3084870
1222606
1382779
3086360
623111
3204020
3086461
3087972
1300680
1222583
1382756
1382027
1223045
1381916
1222934
1222248
1382421
3084739
621490
248099
17743
1300549
625073
3822956
323143
1301426
3088718
623382
3204190
18038
902182
902182
238272
1749723
487645
1300961
3088253
3087945
1300653
1085272
1085046
1382202
1223220
3827991
233021
233021
1254181
1382208
1223226
620394
3201202
1215791
489388
620269
3201077
621722
3202530
3050287
1680780
1680780
18113
238347
248469
3548511
2949404
3086650
623401
623401
3204209
3083868
620619
902163
238253
3083915
620666
1300534
625058
1215755
489352
1300951
3088243
3088243
625475
3088451
1301159
1381474
1223369
3084604
621355
620790
3201598
1335879
3120784
3120056
1335151
620386
3201194
1252625
1751059
1751059
2540980
2540980
3822998
3822998
323185
323185
2705511
3203998
3086439
481765
1841164
1841164
329727
329727
942056
942056
267933
3088005
1300713
3120041
1335136
1215778
489375
514584
14814
14814
2135298
1301459
3088751
3828028
233058
233058
1254218
3086367
623118
1751456
322236
322236
2704562
2704562
3822049
3822049
1253022
1253022
2541377
3083184
619935
902154
238244
3547970
2948863
1215773
489370
488047
1750125
1750125
586141
586141
234088
234088
1940394
1940394
3109901
3109901
1777962
1777962
2657560
2657560
2859743
2859743
1192954
1335916
3120821
623355
3204163
621719
3202527
3828025
233055
233055
1254215
1335927
3120832
1300916
3088208
3086354
623105
1381511
1223406
3050643
902613
3087988
1300696
3088000
1300708
1222618
1382791
1751474
322254
322254
2704580
2704580
3822067
3822067
1253040
1253040
2541395
3088490
1301198
3086379
623130
625010
3087778
1222576
1382749
625017
3087785
1254037
232877
1335930
3120835
1222610
1382783
1381519
1223414
621709
3202517
3120078
1335173
3204032
3086473
620425
3201233
1749945
487867
1335909
3120814
267048
480880
480880
1840279
1840279
330037
330037
942366
3204011
3086452
3120035
1335130
1300919
3088211
1381604
1223499
1381921
1222939
514576
14806
14806
2135290
1381897
1222915
620230
3201038
3050670
902640
3050283
1680776
1680776
18109
238343
248465
3203672
3086113
1749939
487861
3203989
3086430
3203630
3086071
902175
238265
1085285
1085059
238044
248166
902756
17810
17810
1680477
1680477
3050786
267088
480920
480920
1840319
1840319
330077
330077
942406
1085295
1085069
620259
3201067
1253737
232577
3086331
623082
1252611
1751045
1751045
2540966
2540966
3822984
3822984
323171
323171
2705497
1254043
232883
3050267
1680760
1680760
18093
18093
902237
238327
248449
620248
3201056
3050685
902655
622587
3203395
3083888
620639
620221
3201029
488068
1750146
1750146
586162
586162
234109
234109
1940415
1940415
3109922
3109922
1777983
1777983
2657581
2657581
2859764
2859764
1192975
3120577
1335672
481810
1841209
1841209
329772
329772
942101
942101
267978
622837
3203645
3203645
3086086
3050277
1680770
1680770
18103
238337
248459
3083922
620673
1749950
487872
1381600
1223495
3203985
3086426
3050681
902651
1222278
1382451
1222270
1382443
17917
902061
238053
248175
902765
17819
17819
1680486
1680486
3050795
1300559
625083
1254024
232864
3120028
1335123
3203618
3086059
1300580
625104
3120598
1335693
1252630
1751064
1751064
2540985
2540985
3823003
3823003
323190
323190
2705516
1300956
3088248
3547620
2948513
1335872
3120777
3050662
902632
1381870
1222888
3086357
623108
1300546
625070
620422
3201230
3086339
623090
3547964
2948857
3828021
233051
233051
1254211
1381907
1222925
3548532
2949425
1382190
1223208
1381911
1222929
3120618
1335713
1381514
1223409
3087961
1300669
3087954
1300662
3050692
902662
3086683
623434
3050646
902616
1254066
232906
3088456
1301164
1335890
3120795
238069
248191
902781
17835
17835
1680502
1680502
3050811
267054
480886
480886
1840285
1840285
330043
330043
942372
3547920
2948813
3083911
620662
1381885
1222903
481795
1841194
1841194
329757
329757
942086
942086
267963
1300532
625056
1749943
487865
3120033
1335128
622585
3203393
3203643
3086084
3083920
620671
1381868
1222886
3086337
623088
1335888
3120793
3548536
2949429
488074
1750152
1750152
586168
586168
234115
234115
1940421
1940421
3109928
3109928
1777989
1777989
2657587
2657587
2859770
2859770
1192981
3086342
623093
1300521
625045
1215788
489385
1335924
3120829
17924
902068
3088447
1301155
1222282
1382455
1253775
232615
267066
480898
480898
1840297
1840297
330055
330055
942384
1253846
232686
3120070
1335165
902400
17454
1300926
3088218
1383928
490549
1300910
3088202
3087995
1300703
1382180
1223198
1301464
3088756
481781
1841180
1841180
329743
329743
942072
942072
267949
514606
14836
14836
2135320
3083875
620626
3086687
623438
481800
1841199
1841199
329762
329762
942091
942091
267968
18048
902192
902192
238282
622443
3203251
3548538
2949431
3084598
621349
622626
3203434
1254062
232902
1382069
1223087
1253860
232700
1252601
1751035
1751035
2540956
2540956
3822974
3822974
323161
323161
2705487
481785
1841184
1841184
329747
329747
942076
942076
267953
3119654
1334749
623391
3204199
1381498
1223393
1252634
1751068
1751068
2540989
2540989
3823007
3823007
323194
323194
2705520
3120572
1335667
3050634
902604
3084575
621326
3120075
1335170
238367
248489
1335885
3120790
3087992
1300700
488076
1750154
1750154
586170
586170
234117
234117
1940423
1940423
3109930
3109930
1777991
1777991
2657589
2657589
2859772
2859772
1192983
3088470
1301178
1300539
625063
1301436
3088728
1222286
1382459
3087980
1300688
2657592
2859775
2859775
1192986
3088478
1301186
18043
902187
902187
238277
1382038
1223056
1301441
3088733
3088440
1301148
3120612
1335707
3547934
2948827
3086344
623095
1381469
1223364
1222263
1382436
1383903
490524
1381483
1223378
1335902
3120807
1382169
1223187
1252593
1751027
1751027
2540948
2540948
3822966
3822966
323153
323153
2705479
1253730
232570
488015
1750093
1750093
586109
586109
234056
234056
1940362
1940362
3109869
3109869
1777930
1777930
2657528
620433
3201241
488021
1750099
1750099
586115
586115
234062
234062
1940368
1940368
3109875
3109875
1777936
1777936
2657534
2657534
2859717
2859717
1192928
1222274
1382447
3547960
2948853
238074
248196
902786
17840
17840
1680507
1680507
3050816
18058
902202
902202
238292
3547638
2948531
1840265
330023
330023
942352
3547967
2948860
1085282
1085056
1300543
625067
17921
902065
1300907
3088199
3050655
902625
1751501
322281
322281
2704607
2704607
3822094
3822094
1253067
1253067
2541422
1749987
487909
1383918
490539
1382055
1223073
3087894
625126
3547646
2948539
3088485
1301193
514610
14840
14840
2135324
1301472
3088764
621815
3202623
1300523
625047
248133
17777
1749671
487593
3050261
1680754
1680754
18087
18087
902231
238321
248443
1381880
1222898
3088473
1301181
3202428
3084869
1222605
1382778
1222582
1382755
1222247
1382420
1300960
3088252
3087944
1300652
1085271
1085045
3827990
233020
233020
1254180
1382207
1223225
1215790
489387
3088450
1301158
514583
14813
14813
2135297
1301458
3088750
488046
1750124
1750124
586140
586140
234087
234087
1940393
1940393
3109900
3109900
1777961
1777961
2657559
2657559
2859742
2859742
1192953
1335915
3120820
3828024
233054
233054
1254214
1335926
3120831
3050282
1680775
1680775
18108
238342
248464
1300579
625103
1381906
1222924
1381910
1222928
3087953
1300661
1381884
1222902
1300531
625055
3548535
2949428
3088446
1301154
481780
1841179
1841179
329742
329742
942071
942071
267948
514605
14835
14835
2135319
622625
3203433
1382068
1223086
1253859
232699
3120074
1335169
3087991
1300699
1222285
1382458
3087979
1300687
3088477
1301185
1301440
3088732
1383902
490523
1085281
1085055
1300542
625066
3050654
902624
1382054
1223072
3087893
625125
3088484
1301192
1301471
3088763
621814
3202622
1085270
1085044
3088449
1301157
514582
14812
14812
2135296
1335914
3120819
1300578
625102
1300530
625054
514604
14834
14834
2135318
1382067
1223085
1222284
1382457
1301439
3088731
1085280
1085054
3087892
625124
1301470
3088762
1300577
625101
514603
14833
14833
2135317
3087891
625123
3087890
625122
