19159890
30246069
41183453
31243606
25451955
33930599
30618349
32011621
28926678
29043873
29043873
30246067
28996483
19953354
19953354
46297896
29119792
19941413
28937553
49049938
28921247
26986653
26987273
29105228
26486446
29099955
29106425
50488039
26539896
28988727
28988727
29111014
49049944
49049936
50999152
41992785
28987645
18269224
29119831
31148726
19942106
28927197
29046761
29101524
28921256
27001402
26990727
28912509
49049909
19939404
28912457
30416262
28911270
28920041
19952523
26552274
19967714
29122860
30253094
26711732
28950178
50840035
29170088
52428797
19952574
28960073
28960073
19963213
28917590
28921134
29174314
28897157
26998939
28913063
19964198
28917279
28987658
44696220
26570934
29111110
26584982
28957550
28927198
19941414
28921536
19960936
49049912
19963203
49049968
49049948
49049900
49049972
49049972
29109034
28926673
29118513
49049974
29130862
49049918
49049903
49049903
49049901
19963206
49049907
49049907
49049916
49049916
29099938
28921248
49049930
49049930
49049927
26980202
27016242
35787231
28889720
29175878
29221107
29221107
19797208
9641605
26998985
28988726
19941062
28942750
29115859
19952644
49049893
49049893
29130840
49049896
49049910
49049910
28927335
19963201
28950340
28912799
28921742
29105246
49049911
49049911
49049973
49049906
49049892
49049892
28912458
9627745
33797171
28950352
36442330
28917551
34591014
29104056
29117250
29117250
28927022
29118365
29106479
49049926
25503579
26999152
19963198
28917399
28921194
29121246
34691442
49049955
28928455
28921249
28936428
28988728
28920042
28920042
19952524
49049935
26567206
28987824
19939993
28917415
28933493
49049947
49049929
49049929
49049891
49049891
19939400
49049976
49049962
49049937
29122861
28936426
29112340
49049889
49049981
49049971
29122734
49049920
28950180
29111781
49049928
49049958
28937555
