46051194
44354270
44354270
36442332
26218363
50488041
50709304
46297898
46702286
31185603
40441265
26861307
26861307
46173660
46173660
46986719
9970101
29775784
30028002
44696222
30250278
33658373
19939396
41197092
19819086
3748469
46614861
49311381
23995597
43527582
43527582
42897120
31269496
34363512
31103217
47341861
28646043
31074060
31074060
31136151
31136151
41766441
31122098
35756098
22463438
45552282
21054988
31061801
31061801
8869578
44516970
30287149
13113130
2592607
50205752
48941177
29779595
41568311
41568311
46201726
46201726
29580422
31378568
31349130
26968234
43303250
47618728
48083731
9714327
42574149
50018971
51088276
51088276
28873896
45173018
31238511
16240543
32625205
30608838
31855132
42057808
3847232
34473914
31321271
42143450
31307510
31307510
50752179
42227056
42738296
30222085
45664291
45664291
9910689
41992786
46702285
31185602
46986718
27088186
41197091
46614860
42897119
47341860
11496575
19905980
46201725
46201725
31043901
43303249
42574148
29594269
33930598
30608837
42057807
34473913
31012828
30222084
45664290
46614859
47953215
29594268
33930597
30618348
27088184
30618347
49437305
49049941
2129870
30396294
30253091
26584979
28913024
27023090
29183947
28927332
48991685
12126910
49049932
49049942
2129871
48495238
35162423
23709755
13175802
47928111
28927195
28927195
26982607
26990610
19939402
19939402
44354266
13324125
26567203
26567203
29115732
28996482
46297895
30253092
34473909
51733416
41874129
22518557
46377200
49664315
19963211
26567198
29130859
29130859
30183854
30537159
28917277
28917277
37164825
26570932
26584980
26584980
19967635
19967635
28913025
26990833
27023700
27013965
26982565
27011602
26620146
26520498
26977537
26998774
29183948
28985908
28927333
28927333
28914276
28914276
48991686
50630639
33797169
35107855
12086151
14545293
44557164
11876365
28927026
28927026
26994301
26982444
30707213
12126911
49049933
49049933
49049950
49049950
49049943
49049943
28926678
31269494
49898516
29580420
31185600
31185600
2129872
35021071
32203052
19967711
31238507
47543035
28921245
28921245
28987566
28886743
29099961
29099961
42738292
25330562
41992783
28987643
26325304
13532944
29154922
6335509
9641463
26990725
46635380
29122939
19939990
29106418
42143447
9910686
13175803
26074422
37874763
23193555
44899340
14990904
28913061
28913061
19534315
11484973
28927196
28927196
28913042
28913042
26690802
28874491
27016240
41620459
26982608
28952280
26990611
26990611
28912508
28912508
19941060
19941060
19940959
19940959
19939403
19939403
28988815
28988815
30416261
44354267
21744668
19939410
28298506
47784779
7256379
28917411
7223789
33466301
28911269
28911269
26567204
26567204
19967713
19967713
29115733
29119872
28996483
46297896
29574622
29574622
30164092
50205750
34036944
30253093
46201723
3812587
34473910
36088689
29580418
35611267
30164090
16044018
29109306
29109306
27000529
26506410
26522681
26486444
31074056
26539894
50840034
50840034
34657302
29115756
42897115
45820526
29775778
40156168
45552278
29112336
28987821
28987821
29116033
29170087
2636196
46377201
36578663
7131383
41502026
46881325
30027998
51610723
29099935
29099935
31235948
26998836
28987656
28987656
44262258
7613468
19963212
19963300
26567199
26567199
29130860
29130860
28874488
25456368
26987281
35787229
28876864
19963340
26982769
28887685
19963345
26998938
28988703
28988703
28917278
28917278
28912742
28912797
37164826
29115617
13867576
17334945
49311377
24238394
29106477
29106477
26990689
35785678
29121244
29121244
30608833
38999676
28947952
26570933
26584981
26584981
28941317
19941413
28921535
28921535
19960935
19960935
29130886
29130886
28916350
19952590
19952604
19952604
19963202
19963202
49049899
49049899
29109033
29107878
28919981
28926672
28937553
19967636
29109308
29109308
28921247
26972404
28913026
26993802
26620151
26990557
26994056
26980201
27023701
28886772
27008692
28891819
28888237
28885967
28887263
26979599
29054778
29054778
29184605
19941634
26982566
35774699
28886745
27011603
26620147
26620147
28988743
28988743
26982577
28888653
16489312
28875024
26520499
26520499
26982916
29171007
26977538
26506412
26970313
35788333
26973192
26973192
27011624
26522683
28910769
28933411
29183949
19963268
28942744
28942744
29038666
28985909
28933394
29105212
28927139
28942749
29115858
29117137
29129783
29106432
28916001
29106470
29130837
29130837
29129757
19952643
28927334
28920966
29105280
29115880
26486446
29099955
26535697
28921662
19963200
19963200
29107881
29107881
28914277
28914277
28921741
28921741
29159212
29159212
19952565
29105245
49049905
49049905
29106425
45798233
31074058
41183451
49779520
47618726
27023973
9627744
33797170
19905978
49437302
26456016
52067999
32684975
20104609
37699213
29130884
28919979
21399564
26987034
19964489
28926846
41183449
35107856
19939397
19939397
28950351
28950351
18917488
31307507
41197087
26413048
3922499
44886233
932232
49625251
27001400
29175872
41464390
52084294
34591013
9714324
31681512
41823201
584167
40183362
30250274
51546837
28921132
28921132
26994351
19939943
28913012
28899468
13905770
28928452
29122757
28927027
25503578
26994302
29057619
26982669
26987234
26993718
29121052
29121052
51088273
51088273
43303246
41635090
36442328
20274868
46702281
28925315
35756094
29119864
28950313
28950313
29115620
29115759
19939413
19939413
29119811
29119811
49049934
49049934
28916019
28916019
28933492
28933492
19939399
19939399
29110293
49049975
49049964
49049936
28950179
28950179
19956822
28987646
28926679
50709303
8906247
8906247
27788036
3748468
30246068
43527581
31269495
28646042
41766440
28138047
31687809
13113129
2592606
2592606
29580421
31349129
48083730
25451954
4872165
16240542
3847231
19974827
31307509
31185601
42897118
31103215
30222083
45664289
41197089
42057805
30618339
33487747
33333742
48767756
46297894
14180839
27013964
35787266
28985907
28985907
47618724
43589191
30246066
49898515
31185599
35190882
23758031
19939925
42143446
11484972
26982582
41620458
19941059
19940958
30416260
47990592
19967712
19967712
29574621
31238508
6226703
26539893
50840033
29170086
36578662
7613467
28880501
25499430
28912741
28912796
51175967
28947951
28941316
29119791
28921534
28921534
28916349
28916349
28929925
28929925
28921246
28921246
26990655
26980200
26978619
28917521
29054777
28886744
28888652
28888652
19963349
26987272
29105227
28921582
29115720
28947887
29115879
29115879
29099954
29099954
29159211
29105244
46173657
9627743
43525075
28950350
46614855
33010917
9714323
28928451
26995219
26995219
9406347
51139002
29115758
29115758
28933491
28933491
19956821
14466171
3847230
3847230
41992784
45664288
31043898
43589190
31185598
10130501
29574620
29119790
28921533
28929924
26980199
27011622
29105226
28947886
29099953
29159210
43525074
33299953
28933490
28933490
28987644
28987644
14466170
14466170
31103213
28933489
31103212
26088165
31148724
2681848
28888758
41620434
12867745
28936422
28910783
28910783
31148725
31148725
47623524
4668486
19974824
47627631
21878778
16129052
29174312
29174312
35786306
28874392
9257309
19942105
26486379
26486379
28936430
28936430
28893889
26920025
28888759
28888759
26984877
28874422
19797158
19797158
19963312
26990726
28912456
28912456
12867746
27180070
28586354
42752983
30256574
48885057
24778497
28957547
28933504
28933553
29579577
28891821
44516966
44886235
29122940
29122940
28936423
28921190
26552273
28910784
19939991
29106419
29122859
29122859
29119827
31148726
42143448
9910687
26711731
26711731
29775780
44216844
31269492
14177808
29672072
16357585
27008690
29171005
27023971
11828345
19974825
19974825
13782970
5975868
13522758
15767949
24143002
51338792
48374651
38762198
34980492
11920754
47177472
26592756
49802558
43194835
28950337
28950337
27026448
16129053
28960072
28960072
29174313
29174313
35786307
28874393
28913062
28913062
28899548
28899548
9257310
48377162
37282395
2014617
43546354
41659771
26505820
26505820
46770331
35928406
19942106
28927197
29118510
29118510
29046761
28913043
26529439
26529439
28936431
28936431
28921256
27001402
28893890
26920026
26979387
9708283
28874492
28874492
27016241
28886717
19939426
41620460
26979379
26979379
26982612
26982612
28888760
28888760
26982595
26984878
26982609
26982609
28874423
26982614
26584929
29175877
28888234
28888234
18490022
18490022
19797159
9641571
26977656
26645576
26520494
29193549
9641465
26990516
41620424
28912509
19941061
19941061
19952601
19952601
19940960
19940960
49049895
49049895
49049909
19939404
28988816
28988816
19963304
19963304
28912457
44354268
45552280
48895487
25504879
26968232
41464392
41464392
11496573
45688391
48374653
28926676
43527578
33466299
31241766
21401779
19941411
28937551
19953245
26982914
19963266
19963266
29106423
29106423
31414724
29119862
19939411
29115939
35806844
30256575
30618337
19956819
23628111
29112892
28125627
35928404
29118508
29118508
29101522
29101522
26979385
29193547
45688389
28916200
28917550
28917550
16605064
48941174
22287760
10758376
5545226
19940638
12238767
29121214
28917588
28917588
35769516
35769516
28916365
28916365
44696218
4986820
28917412
28917412
28957548
28957548
29109990
28912430
28933505
29149073
49049925
49049925
29579578
29579578
26982558
26987782
28874407
28887449
26984439
28891822
34691441
31855129
47341857
46159199
3828348
18819465
18934463
28941646
29117248
29117248
28917367
28917367
30395786
26987127
31136147
44886236
29111778
29111778
28916202
29122941
28936427
28936424
29112338
29112338
29122732
29122732
28921191
28920041
19952523
26552274
28910785
28910785
26567205
26567205
28987823
28987823
19939992
19939928
29106420
29106420
19940641
29122860
49049888
49049888
49049919
49049919
29116035
29119832
28912800
28917552
28996484
16605066
46297897
46297897
30028001
30250277
49311380
49311380
29574623
31148727
31122097
31122097
31243605
28740419
50205751
29779594
9714326
9714326
34036945
31238510
42143449
42143449
42334246
42227055
9910688
43654919
46201724
3812588
32011620
31012826
29594266
12126909
25064586
28996481
27678024
26570931
19967634
19967634
28914777
26998773
28914275
28914275
8791760
24343015
31269493
29580419
8024825
44637290
50288604
19939989
5537761
8969451
28913041
28913041
26690801
28952279
28912507
28912507
28988814
28988814
262126
28911268
19953353
19953353
30164091
30164091
3812586
23901722
50355846
29116032
2636195
844709
19963299
19963299
26975870
28921078
28988702
28988702
49969979
16044019
19952589
19952603
49049898
49049898
28926671
28926671
29109307
29109307
26986652
35784138
28894998
26979598
29184604
19941633
28988742
2795563
29171006
26506411
26522682
29112087
28933393
28942748
29115857
19952642
29105279
26486445
28921661
28921661
19952564
19952564
49049904
49049904
31074057
27023972
47615866
51055670
18917487
52084293
10746
16490054
29122756
29122756
34820425
15823653
28950312
28950312
26539895
26539895
28916018
28916018
28950178
50840035
19974826
19974826
34657303
19315781
3771197
50258268
34036942
28941315
28916348
28916348
28957314
26987271
28960035
29115878
46173656
51139001
29115757
29115757
18269223
18269223
42897116
13355118
14466169
28910782
38786166
19942104
26486378
26486378
28893888
19963311
3501050
45820527
29122858
29122858
29775779
11828344
46349780
40499140
17258656
168600
28960071
28960071
28899547
28899547
41482629
40156169
29046760
29046760
26529438
26529438
27003889
28885993
26982611
26982611
28888233
9641570
26992958
41620423
19952600
19952600
19963303
19963303
45552279
15859420
11496572
29110290
35806843
26709511
16605063
13706953
29149072
29149072
26996594
26984438
34691440
29111777
29112337
29112337
28920040
28920040
19952522
19952522
28987822
28987822
19940640
19940640
49049887
49049887
29116034
30250276
31122096
31122096
31243604
29779593
46377202
46377202
43654918
43654918
47953213
22329981
43365236
28911267
3861408
6193950
19952588
19952588
27002906
2795562
28910767
29105278
19952563
19952563
47719904
28950311
28950177
28950177
11719136
18540845
18269222
29122857
44986210
36631258
26529437
26529437
28885992
28890733
30177185
46881326
49049886
49049886
46051191
19196021
47953212
28950176
2425471
44450010
46051190
29037810
26976824
28891583
28988723
19964196
50018967
28918096
29037811
19952573
29099936
28917326
28874485
28874485
26976825
28886845
28987873
28888473
29221105
29221105
28891813
28891813
26505897
26998837
28988724
28988724
19964197
19964197
28950338
28950338
28987657
28987657
50018968
50018968
10576372
11440087
49771141
11047119
45173014
29111107
9663322
29192741
28917397
28917397
24154066
28918097
29121216
29121216
29037812
29037812
19952574
19963301
26567200
26567200
28917590
28921134
29130861
29130861
19963205
19963205
49049915
49049915
29099937
28917327
29174314
28897157
35769518
30183856
28874486
26975872
28880503
25456369
26976826
35786308
26987282
28886846
31235918
31235918
35787230
35787230
26673363
28876865
26995985
28891852
28897155
28897155
19963341
28888474
29221106
29221106
26982770
26982770
28884965
26982592
28889718
28889718
28891814
28887686
26998984
19960431
19963346
26974588
25499432
35799542
26984203
19967592
28913014
28913014
28988725
28988725
28988704
28899470
29130839
29130839
26518563
28916367
19964198
28917279
28950339
28912743
28899549
19939813
28912798
28912798
28987658
44696220
8869576
50018969
33930595
51675968
29043871
29043871
50434976
10880354
24845755
8059643
29107876
29107876
35774697
28906490
19967578
19967578
50488037
29115618
29111012
29111012
13867577
5887012
6472934
28921188
26711729
6223638
19939424
26990514
6273253
29122730
49311378
42227053
32011618
45846390
14577008
42738593
52428795
43387553
26673361
26998982
28985791
19967590
29519128
24238395
29111108
29111108
29121067
29119837
29106478
29106478
26990690
26990485
25470323
9663323
26982272
26988239
28884804
28884804
26988995
35785679
28917398
28917398
29121245
29121245
2367639
46770332
51187943
5212937
50709300
6096228
48456935
29104054
28927020
29115674
29039162
26990638
17420258
28918098
28928454
28928454
19942107
19942107
28947953
29121217
28917414
28917414
49049890
49049890
26584982
28957550
49049913
49049913
29037813
29037813
28941649
29119839
19952575
28925318
29104057
28960074
29117251
29109992
28912432
19941414
49049894
49049894
28921536
19960936
29130887
29130887
19963214
19963214
19963302
19963302
29122759
29122759
28933494
28916351
19952591
19952591
19963204
19963204
19952605
28927097
49049982
49049982
28921753
29122479
49049912
19963203
29118511
29118511
29118512
29118512
49049968
49049948
49049902
49049902
49049900
28929927
29107879
29107879
29115677
28917591
28919982
29118366
19963207
29118513
28937554
28937554
49049969
26486381
19967637
28913044
49049949
49049949
28921135
28921135
29106480
29106480
26529440
26529440
49049974
29130862
49049908
49049908
49049918
49049901
19963206
29099938
28936432
28936432
28917328
28917328
28933507
28933507
28917370
28917370
29174315
29174315
28921257
28921257
28933556
29109309
29149075
29149075
28921248
35785929
26990692
19953248
28897158
28874410
26620149
26620149
26993792
26972405
28913027
27003891
27023868
26994304
28874490
28874490
26690804
26993803
26979388
27000577
9708284
29579580
28914780
26990558
28874487
28874487
2795614
26975873
28888236
28888236
28874493
26994057
28880504
35784140
26989043
28884809
28895000
28876876
28886773
31235951
28886718
35786309
27008693
28884237
28884967
28874395
19939427
28886847
28888238
31235919
28885968
18490024
26979380
26979380
26982594
26982613
29106617
29106617
25470235
19963325
28887264
28917523
28906377
26673364
26982579
26982596
26982274
26984879
28876866
28876866
16489315
29057621
26982610
26982610
19941635
19941635
28888655
26982623
26982567
26982567
9685345
28952282
26982615
26982671
28897156
28897156
26988241
28886746
27011604
27011604
26990641
26990641
28888475
26620148
26982771
2795613
28888235
28888235
28884966
28884966
28988744
18490023
26982593
26982593
28906376
28906376
28889719
26982578
16489314
16489314
28888654
28888654
19797207
2795612
28906375
28906375
16489313
16489313
19797206
9641603
21399600
9641604
21399601
21399601
28891815
28906496
28875027
27521999
28884806
28884806
35785147
26987130
26505899
26984441
26992960
19939946
21399602
19960432
26520495
19963347
28890736
29587036
26974589
19963351
26584927
29175875
26506413
29193550
26970314
25499433
27016434
28875028
28874629
35786291
28897153
28897153
26973195
26990517
28884807
28884807
28891824
35785145
26995222
35785143
41620425
26990613
26984204
27003678
27023093
26505823
26990728
26990728
26975626
19967593
26522684
26522684
28913015
29099964
19967581
28933412
29183950
29183950
19963269
19963269
28912510
28912510
28942745
28942745
19963199
19963199
29038667
28912512
29112089
28985910
28988726
19941062
28988705
28988705
28899471
29105213
28927140
28927140
28942750
29115859
29115722
29130841
19952602
49049897
28942747
28942747
29117138
29117138
29129784
26584994
29114303
29114303
29101454
29101454
29106433
29106433
28916002
28960038
29115777
29106471
29130838
29130838
29129758
29114340
29117074
29117074
29122945
28927335
28920967
28920967
26518564
26518564
28916368
28916368
29105281
28926849
29115881
29115881
19964199
19964199
26486447
29099956
26535698
26535698
19939405
28921663
28917280
28917280
19963201
28950340
28912744
28912744
29107882
29107882
28899550
28899550
19939814
28914278
28988817
28988817
28912799
28921742
19963305
19963305
29159213
29159213
29122735
29122735
19952566
19952566
29105246
49049973
49049917
49049917
49049906
28921195
29106426
29106426
49049923
49049923
29121054
29121054
49049921
49049921
29121247
29121247
28987659
50488040
29392786
26861306
46173659
44696221
33658372
19159889
34363511
34363511
31074059
31136150
35756097
41183452
49779521
48466391
46770334
41568310
26968233
47618727
50018970
51088275
27023974
50366300
31855131
41464393
42738295
42738295
9627745
46986717
47341859
47341859
11496574
45688392
30608836
30608836
33930596
33930596
27088183
50070295
2291959
29115731
8826565
38999674
27023865
26970311
29038664
29038664
45798231
51714605
28926677
28926677
29043872
29043872
43527579
43527579
22408152
25330561
41992782
29106417
28652999
162455
27016239
27016239
21744667
33466300
29119871
29119871
31241767
50205749
46201722
24501278
5188366
29111775
32228226
2553373
28876863
26998937
24368046
30980831
19941412
19941412
19960934
29130885
29109032
28919980
28937552
28937552
19953246
28914759
9641427
9641427
35774698
35774698
21399565
28906491
26982915
26987035
19964490
19963267
28920965
28926847
26535696
26535696
29107880
29107880
28921740
28921740
29106424
29106424
50488038
47000468
19905977
10168156
41197086
22336712
34591012
17259709
25503577
26993717
29121051
29121051
51088272
29119863
29115619
29115619
29111013
29119810
19939398
29115940
28950352
3748467
23995595
28138046
31687808
25451953
4872164
50999151
30222082
30222082
41197088
551110
30246065
31389447
28740416
23962239
26990654
26987298
28921581
28921581
29105243
29105243
49779518
40910240
19956820
19956820
3922500
3847229
42057803
33299952
22315633
2199561
47623523
50665667
26920024
27003675
28912455
28912455
27180069
28921189
26552272
26552272
29119826
29119830
26711730
50384847
13782969
38762197
34980491
19421684
38581440
35928405
29118509
29118509
29101523
29101523
28921255
28921255
27001401
9708282
27016109
26979378
26584928
29175876
18490021
18490021
26977655
26990515
48895486
41464391
45688390
29115938
30618336
28917549
30287145
23869805
29109989
28912429
49049924
49049924
26982557
19963456
47341856
18819467
28916201
28916201
29122731
29122731
28917551
49311379
30287147
9714325
45173016
42227054
46702283
46702283
32011619
24343014
8024824
1834482
19953352
19953352
3812585
45275219
28926670
28926670
26986651
19941632
28942742
29114337
28921660
28921660
15554097
10758377
28916017
28916017
20543982
51139000
31043896
23639408
19562981
51760945
29046759
29046759
27003888
41620422
19952599
19952599
25504877
17978391
28920039
19952521
19940639
19940639
52428796
29779592
43654917
49692727
11719135
49049885
19196020
19952572
28917325
28917325
28874484
26974586
10576371
39067539
29121215
29121215
28917589
28917589
28921133
28921133
35769517
26994352
31235917
31235917
26673362
28897154
26998983
26984202
28985792
28913013
28899469
28899469
26518562
28916366
44696219
8869575
33930594
29111011
21988374
29122729
32011617
29119836
27001356
26979883
2367638
4986821
28928453
28928453
29111109
29111109
28917413
28917413
28957549
28957549
28941648
28912431
29122758
29122758
28927096
29122478
29115676
29115676
29118365
29106479
28933506
28917369
28933555
28933555
29149074
29149074
49049926
26486353
29175886
26994303
29579579
29579579
26990486
26990486
28884808
28876875
25470324
25470303
29106616
26987783
26690826
26982273
29057620
29057620
28896639
26982670
26988240
26990640
28874408
28874408
28906372
28887450
28891825
35785146
26987129
26984440
26988996
26988996
26973393
26982446
28891823
35785142
19939983
19963198
28917399
49049922
29121053
29121053
29121246
19159888
34363510
22463436
19264813
51088274
32625203
31855130
51187944
30608835
27088182
51714604
22898648
29119870
50205748
30980830
29109031
29109031
26989255
26980008
26535695
28921739
5105087
11821398
29119809
29119809
36442329
50999150
30222081
40910239
42057802
29119825
10356703
49042290
28921254
28921254
9708281
25485312
48895485
18819466
42334244
42334244
46702282
28916016
20543981
7147205
8884598
39067538
35799540
26984201
26518561
26518561
33930593
5957607
28941647
29104055
29117249
29117249
28927021
28927021
28927095
29122477
29115675
29118364
28917368
28917368
26990729
29039163
28876874
19963323
26690825
26990639
28906371
28906371
26987128
26999151
19963197
19963197
34189742
50366298
46986715
29119808
49221750
10213949
42334243
29143184
28927094
29118363
29106614
26999150
19963196
19963196
34189741
49049953
28918099
28918099
29119865
49049954
28918100
28918100
29119866
29111779
49049978
28928455
28950314
28916203
29122942
29122942
28918101
28918101
28921249
28936428
28936425
28936425
29112339
29112339
19942108
19942108
29122733
29122733
29115621
29115621
28947954
28947954
26539897
29111782
28921192
28921192
28911271
26570935
29111780
29111780
49049979
49049979
49049956
49049931
28928456
28928456
29111111
28916204
29115760
29121218
19939414
19939414
29122943
29122943
28910786
29119812
49049963
49049963
49049935
26567206
28987824
19939993
19939929
19939929
29106421
29106421
28916020
28916020
19940642
28918102
19967715
28933493
49049967
49049967
49049947
26584983
29110294
28921250
29115942
29115942
49049952
49049962
49049966
49049966
49049946
49049946
49049961
49049961
49049965
49049945
49049960
28957551
49049937
28937556
28936429
28936429
29118514
28996486
28936426
29112340
49049914
49049914
19942109
19942109
29037814
29037814
49049889
49049981
49049971
29122734
49049920
28950180
29115622
29115622
28947955
29121070
29116036
29119829
29119794
28987647
29112896
29119833
26539898
19952576
29143188
29143188
28912801
28917553
28925319
28925319
28921193
28921193
28911272
29104058
28926680
28926680
29119868
26570936
29111781
49049928
49049958
28937555
28996485
28996485
49049980
49049980
49049970
49049970
49049957
