403927745
400897292
19159890
176218428
41183453
31243606
328428316
284451758
30618350
252621660
30618349
32011621
28926678
29043873
158363329
168573062
28996483
158908132
159884786
233441849
161060333
158915727
28937553
275072959
278320153
161782379
161035801
234188496
159216269
158638175
158858785
174813310
234266521
28988727
28988727
158905285
278320122
154691091
28950353
29043874
158973047
158855011
232260797
159884573
159884573
158383700
158370969
158838200
158838200
158363330
158937338
400897291
251398340
252621659
232251013
158370968
158370968
220991551
58607595
158918117
158951293
266659705
376491928
158855014
158855014
158918211
29046761
29101524
158694048
226588456
82004624
158926950
268207215
376531571
234266065
30416262
268207644
155895606
19952523
234194612
159215164
154701492
58607596
159911838
158908133
19953355
19953355
158676293
155796708
158951294
158951294
159218554
158676016
158369521
158369521
159884787
159884787
403927744
403927744
233441850
30253094
26711732
159018667
158855010
158937337
277199220
234255877
158369520
158369520
46051192
234270344
28960073
28960073
158918632
234255848
28921134
276108526
166025710
167601375
161065918
234100446
158370964
28987658
206588975
159223869
380725457
155815812
158918250
161149417
28957550
234270345
158951295
158855015
28960074
160779015
158383701
158370970
158915728
28927198
159884572
159884572
268250996
159008860
159218553
159218553
158926178
49049912
158987112
49049968
49049948
49049900
160854953
278320103
49049972
158865221
158921949
278320133
278320184
278320184
29118513
49049969
29101525
278320121
161062942
160854984
158676015
158676015
376491973
158899226
49049901
19963206
158379353
278320178
278320197
278320197
234002068
278320127
49049916
49049916
158913086
160856910
49049930
278320179
278320186
49049927
205874017
205874017
365270934
217958805
158973046
158973046
217914847
217959266
217897515
217931617
29221107
29221107
205874016
397744672
217964039
82004625
234188497
278320100
58599051
234000526
160787221
234261409
49049893
278320132
234002056
159237480
159896173
278320117
278320118
278320146
58619097
159216270
234100447
278320104
158638176
234269352
232271670
155814099
160822485
29105246
49049911
49049911
49049973
49049906
159218550
49049892
278320108
158853566
159051314
28987659
158865222
158865222
278320147
278320147
30416263
9627745
168163092
28950352
400897290
159038068
159911837
158676292
403927743
29104056
29117250
160779014
232251478
29118365
29106479
49049926
300393958
217935681
58594525
161730324
376546247
162855628
249236989
58594876
158383596
158370962
159216278
158902092
58607697
278320134
158383597
380725458
28920042
158951292
246471049
158370963
155815813
155815813
159216279
49049935
278320162
159215186
159087580
28917415
234261411
158855315
161173392
278320185
161035694
234100449
49049891
49049891
159199683
278320159
160854981
49049959
158902093
278320123
154691092
161049932
158916316
158909223
161068542
49049889
49049981
160883295
278320151
278320126
159884788
268208069
158835102
49049920
159213712
268207646
278320155
49049958
28937555
