237376822
46297898
174154498
265645108
170727498
191603239
200900041
245592529
28646043
31074060
31136151
317947381
181019929
2592607
191037868
29580422
47618728
318414104
71740790
227595560
42143450
229986956
160779004
334080355
225197103
233026718
309215956
285858520
29594269
33930598
30618348
170771681
155571372
229359612
28996482
159884785
159884785
233441848
161060332
273087043
160852332
275072958
278320169
217960295
161035800
158988366
159216268
158924853
161650835
174813309
158930892
159231884
278320111
154691090
29043873
158838199
158838199
158363329
264550232
31185600
270693756
242570459
158690639
224449486
159018648
28927196
270693816
159235827
158694047
155565599
185883156
28912508
275048968
19939403
155908083
30416261
158929766
234194611
159215163
154701491
158908132
19953354
19953354
155796707
155796707
159884786
30253093
279241793
268206853
158937336
158937336
270794389
29170087
2636196
58599765
158918631
234255847
159083113
234255432
217911016
389038072
161065917
234261407
28917278
160883070
195943114
26570933
26584981
161149416
273095574
158902210
158843638
161170874
232281710
268206388
234266510
19963202
158676013
49049899
158921948
160852333
28937553
159238046
268249709
160854983
160883128
160883128
234255446
160856909
234033142
234033142
278320170
217958804
157097931
217959265
217897514
217931616
318737678
233851864
217964038
159200609
234000538
58609632
160787220
19952643
278320131
278320131
234002054
278320139
234266483
278320145
28927334
234270744
160851195
158687235
28921741
29105245
49049905
49049905
159218549
159218549
232268080
232268080
159051313
9627744
206508405
28950351
400897289
234117727
34591013
159209305
234100503
234003711
161030814
158693489
217909520
217920463
232251544
161730323
158367361
162855627
298797849
159070325
158383595
246471047
161171632
158379362
155823214
49049934
159237492
158367395
160855955
270693335
28933492
278320101
19939399
278320158
49049964
49049944
278320112
49049936
159070094
154691419
268253735
268304769
278393569
29043874
158973047
158855011
232260797
158363330
158937338
233831997
176218427
197435547
31687809
328428315
261512120
45664289
128462753
234269953
158838198
158838198
30246066
159001683
138375434
273203325
278508968
234267193
161069405
160856908
161782378
217883750
161046004
234263562
158638294
155908172
46173657
234266520
29115758
28933491
274938867
236978034
252621658
232251012
218301431
234253001
31148725
376491927
158855013
158855013
158918210
160854951
26486379
268206632
217907236
217901349
232271690
268207214
376531570
28912456
238677986
58607651
155895605
155895605
26552273
232251735
246480208
158918117
158951293
9910687
26711731
58610467
158855009
158855009
265924778
234117696
162581903
155815810
28960072
28960072
268253551
159032502
234105944
29174313
217952907
217890499
28913062
234255423
234266480
159237641
276947070
234266467
58594884
28927197
270693817
159044777
159218552
159218552
234266503
155905776
29118510
29118510
160854952
160854952
160822423
278320120
161062941
232251435
376491972
161066809
158379352
232268116
234002067
234266526
158913085
234034687
158694048
161408819
158973045
158973045
27016241
217953154
217921314
29175877
217875999
217952389
217868358
158926513
274945985
234000525
270693717
268210224
159896172
49049895
49049909
49049909
274953125
19939404
268249757
28988816
158643296
275056641
278320107
278320107
234033174
227898272
168163091
29115939
229393665
159038067
237767902
273202137
158900156
234261606
234266023
49049925
300393957
161705448
158905202
58619095
158329830
234270913
279442388
29111778
158903275
158854992
58607696
155895606
28920041
158951291
19952523
28910785
26567205
28987823
159087579
19967714
161062938
161730347
29122860
268220393
232269176
49049888
158835101
49049919
268231696
234105878
159895928
159911838
158918118
158918118
158908133
158676293
155796708
159218554
158676016
238106303
170256771
31122097
31243605
9714326
34036945
229986954
32011620
268209629
168573061
234105876
19953353
19953353
249380433
234194822
158915726
160862301
234259564
160828772
217913010
158915277
159215077
26486445
159008876
273622326
227514636
159211856
158367394
159236912
159070093
232260796
158383699
158383699
158937337
19974826
284521105
29115757
158370967
158370967
18269223
275051047
266659704
159213695
234266502
29046760
158855021
234014759
217923484
217861126
274945984
268208179
158643295
234267906
156627062
29112337
28920040
19952522
155900168
19940640
161730346
46377202
232448613
159018666
158383698
158383698
309413773
159895926
46051191
234270343
159235674
158643327
160854897
276108525
217913452
161035813
232259460
234100445
28950338
28987657
206588974
159212412
155815811
155815811
158918249
160883169
58594863
159235675
159884571
159884571
154691752
159008859
158926177
160883103
158987111
158987111
26567200
160854898
232277170
158693498
154691982
154691982
19963205
19963205
278320196
278320196
49049915
49049915
29099937
158598408
217914846
35787230
217895232
161169968
29221106
29221106
217873951
217888073
217925020
278320099
58599050
232251618
270693522
234261408
29130839
29130839
26518563
19964198
234100446
234266481
232271669
155814098
160822484
159235850
158670566
158670566
158902732
264862576
326506770
278330666
261848536
158835099
159911836
158676291
403927742
234104729
268249870
158858751
29106478
234266071
26990690
35785679
58594524
28917398
376546246
29121245
2367639
58594875
158370961
158370961
159218504
161035692
234266507
380725457
155815812
159045172
28917414
28917414
234261410
234261410
49049890
49049890
26584982
268209462
160883170
268207701
232276876
159025444
234255735
29037813
58599792
158951295
158855015
29117251
160779015
278508970
158902211
158900158
158918212
159235676
28927023
270693818
234253240
234270676
234267179
234267179
49049894
49049894
234260117
159045238
234033133
160855338
234259546
158854995
19963204
19963204
161066795
160832327
49049912
19963203
29118511
29118511
278320183
278320183
29118512
49049948
158676014
158676014
49049902
49049902
49049900
160854953
278320116
278320116
160883182
160883182
278320103
49049972
158865221
160832964
160855747
160979479
158858753
159032504
234253068
158855316
28919982
160852334
278320133
29118513
278320150
278320150
28937554
49049949
28921135
158379347
234255758
158900287
234260115
234260115
278320152
278320152
234002057
278320138
158855071
158855071
161149420
159238047
49049974
160851351
268253282
159236879
159045048
318739361
49049908
49049908
268250040
161063182
49049918
49049903
274953160
160883129
154691983
234266445
159235849
159235849
161066810
49049901
19963206
232268117
49049907
49049907
278320178
161060384
278507873
234105946
159218627
234014761
160850754
269002849
28921248
28921248
160856910
49049930
158694049
158694049
234033143
234033143
278320179
278320171
278320154
160883230
158363328
158363328
158579803
217932136
217932007
371086091
74318391
217926652
166027409
217941161
161030838
158901999
217913792
397691872
371070332
233851784
217950029
192837307
217937199
155880343
166027932
217904459
158926094
217950784
217967953
205874016
365270933
81624323
215710349
81718105
81964694
192270777
205874015
397744671
217902418
217864570
161778663
217921039
185883191
217910905
217894341
230785716
155913797
158923107
28913015
28933412
159234593
19963269
159209156
278320130
19963199
273622301
160825737
159200610
28988726
28988726
278320100
159037427
268251395
268206755
19941062
29105213
159218551
159218551
58600149
234196613
234000526
158855030
161035695
161125132
160841122
234260061
278320128
29130838
158874608
158874608
29129758
268210225
234261409
49049893
160854954
160854954
278320132
234002056
159237480
159896173
29130840
278320141
234002055
159237479
278320140
278320140
278320117
278320118
49049910
49049910
160883183
234266484
278320146
28920967
26518564
158687257
276183879
276638064
234263564
234263564
270693227
270693227
159216454
161730325
159216270
234100447
278320104
376531572
158367363
28921663
158638191
232268082
19963201
19963201
234266482
234266482
158638174
158638174
234270745
158917172
160832747
234266424
268249758
234266421
158855073
278320119
271253950
158687236
158835103
28921742
234263558
29159213
234003171
155784589
19952566
49049973
49049917
49049917
49049906
159218550
49049892
232268081
159216174
158670567
158853571
158853571
158853570
159895861
28912458
234266429
29121054
234267908
155908085
155908085
49049921
49049921
234266066
19159889
173426940
41183452
49779521
376787906
284451757
225378990
234446562
28926677
29043872
29043872
174148148
29119871
158908131
155796706
206187499
273201897
160832688
28937552
159038025
160828013
217899385
217920662
234188495
276108533
161650847
158858784
156537560
158916030
158905284
29115940
278330667
251398339
318372193
160832694
220991550
58607594
158918116
158918116
26711730
160862501
161068704
29118509
29101523
28921255
226588455
82004623
158926949
268210223
268249756
234266064
121425071
268207643
158951290
158951290
278507856
155908152
274953699
159911837
158676292
403927743
34591014
160779002
46702283
268304767
232260795
232260795
277199219
234255876
158369519
158369519
175299081
159209519
158661899
160979477
28921133
268209278
166025709
167601374
160822716
275048961
232275241
159895859
262980676
159223868
380725456
380725456
29111109
268209461
28957549
28912431
268250995
234253069
269002502
160832326
160883181
160883181
158865220
158865220
29115676
159215167
158687448
161063181
376492053
376492053
28933506
29149074
49049926
158349912
371070438
159224653
217910523
217964648
81917694
35785146
192270805
19963198
274938775
268206608
273622786
234260060
58619096
234269351
158329831
154691675
159228633
159070122
159008862
158853565
161173601
146164751
51187944
268218134
36442329
234087748
193391049
29104055
29117249
160779013
232251477
29118364
159215166
28917368
81964729
217935680
19963197
159216452
161146892
161173600
249236988
49049954
159216277
158902091
158924925
158383596
246471048
159045178
278320161
159215185
160922347
28918101
158854993
158855314
161173391
161173391
161035693
161035693
159199682
158853685
160854980
158923095
158902092
161049931
158916315
158909222
29112339
234001406
160883294
160883294
158899224
158899224
268251358
268208068
29122733
159216172
159213711
268207645
58595550
158383597
155895607
28988728
380725458
28920042
155880346
155880346
158951292
19952524
158370963
278320156
29111111
158854998
155920710
19939414
160854982
160854982
29122943
29122943
302194628
159045173
49049963
49049963
49049935
159237493
26567206
268209378
158929291
158929291
161650979
19939929
158694050
160855956
234255739
234255767
155908154
158854994
49049967
49049967
49049947
49049947
278320102
278320102
158855315
161173392
278320177
278320177
158865223
158865223
49049929
49049929
278320185
268218137
234033144
278392933
158915723
232252118
232251737
49049962
49049966
49049946
234100448
234100448
158923096
158923096
49049961
160883171
278320105
278320105
161149418
161149418
278320180
158924927
154691405
158902094
270693768
268207702
234266509
234266509
49049937
49049937
234266476
234266476
274939086
234266519
158835105
268210219
278507882
58606671
234266525
234266525
278320106
278320106
161225419
234255736
160883125
275041361
58619129
273202140
49049914
49049914
158930427
234001407
49049889
49049981
278320182
278320148
278320115
278320115
49049971
49049971
160883295
161149419
158899225
158899225
278320126
159884788
268251359
158835102
29122734
29122734
159216173
159216173
49049920
234107575
160862505
275045628
161173336
159223839
234266470
234266470
28921193
234266427
159212415
278320172
159000859
278320155
278320176
49049928
49049958
28996485
161068541
234255879
49049980
49049970
278320136
278320125
278320175
49049957
58594878
