46051194
279442391
44354270
126509285
301331021
50488041
237376822
46297898
46702286
232448616
40441265
231069430
292273560
262980679
174154498
265645108
234446565
180988408
322466061
29775784
30028002
44696222
170727498
191603239
19939396
41197092
227732782
3748469
263237121
243866623
174148151
160635896
232796566
233026719
175188267
326452672
200900041
245592529
265480685
233876622
231484780
34363512
31103217
231587707
28646043
31074060
265972426
31136151
31136151
317947381
229777030
41766441
31122098
205704037
309215957
45552282
300324233
31061801
158170703
8869578
229359615
323492557
181019929
2592607
50205752
84722796
29779595
265265243
58592543
224939947
191037868
29580422
31378568
205363000
205363000
232248923
26968234
43303250
47618728
318414104
207218279
262683558
206662338
51088276
376787907
325824648
45173018
264168580
16240543
252763540
252763540
32625205
71740790
227595560
42057808
286555644
232047683
265119458
265119458
276837852
42143450
229986956
315005064
50752179
42227056
334653033
263858892
229153522
160779004
334080355
169475846
156210638
261766024
310697239
264550234
193280859
41992786
46702285
174154497
265645107
27088186
191603238
225197103
233026718
200900040
42897119
47341860
265761957
265761957
205704036
309215956
285858520
210508640
46201725
46201725
31043901
43303249
207218278
29594269
33930598
226972014
42057807
232370708
229986955
30222084
45664290
226794147
200900039
200900039
285858519
29594268
33930597
30618348
170771681
30618347
49437305
155571371
264963922
154691401
159884784
159884784
170256768
161060331
275072957
234033140
231630862
217941975
158988365
28927332
48991685
158919081
159231883
278320110
158672333
155571372
229359612
229359612
264963923
155920706
225197099
158679526
214310077
159018647
28927195
28927195
160826826
160851348
155565598
217870288
19939402
19939402
44354266
155905785
234194610
158915720
154701490
28996482
159884785
159884785
233441848
30253092
194143003
159236910
270794388
82155417
76816647
234261430
158918204
234255846
159083112
155908579
217911015
389038071
161065916
270693489
28917277
232271667
163485018
26570932
26584980
26584980
275086003
161060332
273087043
158902209
158843637
161444894
234104065
234104065
160832962
160852332
275072958
19967635
234266490
268206748
159218625
269002847
234033141
234033141
278320169
278320169
217960295
217884339
27023700
217959647
217950634
161034633
81667623
26520498
217933161
161035800
158988366
159227354
158693509
232269269
160787219
234016191
28927333
159216268
158924853
158638172
158691999
28914276
234254059
234254059
159218548
159218548
161650835
161650835
174813309
160711765
206508404
158910431
12086151
234087285
264247518
161650974
160832711
28927026
161030813
158693488
217909519
217895166
58627372
58627372
158367360
159238004
298797848
159211543
158383594
158383594
161171631
155823182
155823213
158930892
159231884
49049933
158987126
158987126
270693334
270693334
49049950
278320157
49049943
49049943
278320111
278320111
154691090
154691090
158672334
159897227
268253734
274955035
278393568
29043873
158838199
158838199
158363329
31269494
49898516
29580420
264550232
264550232
31185600
258552112
264963924
82599987
158838197
158838197
280945510
159001682
251518543
273209461
161650984
161650984
268251659
28921245
217961930
217943873
29099961
234263561
155784586
234105869
42738292
269399598
155920707
155920707
232275073
270693756
242570459
176881969
41992783
28987643
179239154
160883120
184670479
58594882
158855068
268206631
158363325
26990725
58607862
234196610
81066717
58607650
19939990
29106418
246480207
158690639
224449486
9910686
191603235
310349244
75028641
234185615
106510255
75069706
268253550
268210320
158598406
158598406
28913061
28913061
202656757
159018648
28927196
28927196
270693816
270693816
159235827
158379345
160851349
318739359
159235847
159235847
158913084
234034686
158694047
158694047
155565599
161408818
27016240
217953153
217869992
217903779
217875998
81964796
217902641
185883156
28912508
158926512
19941060
234000524
268253624
234192133
159896171
159896171
274953124
275048968
19939403
19939403
28988815
28988815
234270039
155908083
30416261
262650004
278093276
19939410
345107445
159038066
160072616
273202136
160832757
160832757
300393956
217959721
274938773
275041583
161789346
159040300
58607695
158929766
234194611
234194611
26567204
268209376
159087578
19967713
161062937
159215163
154701491
154691403
159228651
159228651
120781137
120781137
276030812
234105877
28996483
158908132
19953354
19953354
155796707
155796707
159884786
238106302
170256770
29574622
138453965
169109291
34036944
30253093
279241793
232370706
226794145
159897225
29580418
159228649
249380432
161149414
159226586
158918434
234259563
160828771
217913009
217912152
159215076
26486444
160852410
159236973
31074056
26539894
159236911
159236911
159070092
268206853
158937336
158937336
270794389
50840034
105199596
29115756
158370966
158370966
233026714
155895603
279580426
159213694
232268114
232268114
217941866
217861125
156627061
29112336
28987821
28987821
277223569
29170087
2636196
46377201
232448612
159018665
333142028
159895925
237376818
58594861
159235673
160883101
29099935
234255619
213201175
217905978
159200383
232279158
158359725
28987656
206588973
159212411
234261431
234261431
58619126
58599765
158918631
158918631
159008858
159008858
158918205
19963300
26567199
234255847
159083113
158693497
155908580
234255432
217911016
217890862
217968562
35787229
217920380
161169967
26982769
28887685
237443252
389038072
161065917
273622487
58599049
58600147
270693490
234261407
28917278
28917278
232271668
28912797
158670565
158670565
160825452
160883070
195943114
29115617
13867576
159228111
49311377
268209459
268250993
268207703
29106477
29106477
26990689
35785678
58594523
161125129
158383194
29121244
30608833
58594874
234033112
234033112
234266506
26570933
26584981
232252116
161149416
161149416
273095574
273209463
275086004
275086004
28941317
278508969
158902210
158902210
158843638
161444895
234253239
234270675
234267178
234267178
234260116
161170874
232281710
274954814
29130886
278330629
234259545
19952590
161068747
268206388
234266510
19963202
158676013
158676013
49049899
49049899
158921948
160832963
160855746
160844236
160822448
234267194
28919981
160852333
28937553
19967636
234255757
234255757
161068612
159238046
268249709
268213912
268253281
159236878
268250039
159038026
160854983
160854983
160883128
160883128
234255446
160853121
160828014
161172675
159218626
29109308
160850753
269002848
28921247
28921247
160856909
160856909
234033142
234033142
278320170
278320170
278320153
160883229
158579802
217932135
26620151
158737639
74318390
217903816
159217807
217958804
157097931
372300730
371092805
161778677
206633417
217912236
217868356
233851892
166028133
217959265
217897514
192837306
217937498
217953190
166027931
217893398
278508894
233851795
217967952
217931616
318737678
81710887
81688588
81688523
26982577
261285703
231753901
79381305
217902417
233851864
217964038
217864569
161060890
217921038
26970313
217944699
217894340
26973192
159219520
158923106
159202833
28933411
159234592
19963268
159209155
28942744
273622300
273622300
160870188
159200609
234000538
159037426
158693510
275043354
234265221
29105212
155565307
58609632
160787220
158855029
29129783
273415459
160841121
234266579
29130837
29130837
158874607
158874607
29129757
19952643
278320131
278320131
234002054
159237478
278320139
278320139
234266483
234266483
278320145
278320145
28927334
28920966
154691635
158687256
276183878
268208384
234263563
234263563
270693226
270693226
154691797
276108534
159216269
29099955
26535697
28921662
158638190
270693568
19963200
19963200
158638173
158638173
234270744
234270744
160851195
160822066
28914277
234267187
158855072
158855072
271253949
158687235
28921741
28921741
234263557
29159212
376491979
155784588
19952565
29105245
49049905
49049905
159218549
159218549
232268080
232268080
159051313
159236975
29106425
273622302
161650836
227120406
226575870
41183451
49779520
205442611
27023973
9627744
206508405
225378989
109777201
159224038
306424058
159087576
206187498
160853938
160832687
28919979
217899384
217920544
158908136
276108532
161650677
160851193
232910902
158916029
19939397
120823074
158910432
28950351
400897289
251398338
41197087
159070322
220991549
273622799
318803280
172190653
158906745
300417576
121425070
160852644
158929288
158929288
234087286
234117727
34591013
9714324
177635727
268304766
187223125
158929161
30250274
161044408
28921132
159218459
166025708
217944583
160822715
28899468
158917169
158902730
72495477
160850274
158379412
159209305
234100503
234100503
161044717
28927027
234003711
234003711
161030814
161030814
161063180
161063180
158693489
158693489
217909520
217883108
217898517
217928304
217948380
217964647
217924260
233851768
192270804
217920463
232251544
158906512
158916226
158916226
234185148
161730323
158367361
158367361
159238005
162855627
298797849
376787904
156067421
158905282
36442328
160853996
46702281
28925315
161168644
160855335
81964728
158924209
158646662
159216451
154691673
154691673
35756094
161068537
232251521
232251521
158930424
159070325
158383595
158383595
246471047
246471047
161171632
161068751
159218473
159218473
158363599
158363599
159199681
158379362
155823214
155823214
159045240
160852075
158899223
158899223
159216171
159216171
159213710
159231885
29111014
29115759
155920709
19939413
302194627
158363576
49049934
49049934
159237492
159237492
158987127
158987127
158367395
158367395
160855955
160855955
234255738
28916019
270693335
270693335
28933492
28933492
278320101
278320101
19939399
268218136
29110293
278320158
49049964
49049944
278320112
154691091
274938868
275041678
49049936
49049936
159070094
158672335
268248704
159897228
58607641
58607629
159070171
154691419
268253735
275041360
274955036
232269158
268304769
268304769
278393569
273622796
234261637
159018668
268252861
160832696
161627050
29043874
158973047
158855011
232260797
158363330
158937338
236005504
237721906
265924780
137435066
239817802
237259729
233831997
176218427
310862050
245592528
28646042
266406464
278144569
317947380
197435547
31687809
148770825
2592606
191037867
29580421
31349129
48083730
328428315
261512120
71740789
232282457
19974827
176881971
236978035
334080354
225197102
233026717
205704035
237567550
207218277
30222083
45664289
128462753
225073990
170771680
273622793
170771677
158906534
46297894
273460501
158843636
158843636
234266489
269002846
217942994
217944094
158278056
154691256
158638165
234254058
225468661
159216169
302194625
302194625
154691089
234269953
158838198
158838198
30246066
264550231
31185599
122721452
242570458
161060323
42143446
126759012
159235826
158694046
217899740
217876650
158926511
275048967
30416260
158929765
268252605
19967712
276030811
159001683
138375434
265563618
279241792
159070091
158937335
158937335
190705204
29170086
265972422
58599764
158918630
159008857
217956023
232277164
160835409
273622486
28912741
160883069
195943113
159216141
273095573
273203325
278508968
278508968
234253238
28921534
274954813
268206387
158676012
158676012
28929925
234267193
161069405
161069405
268249708
268208370
160883127
160883127
234255445
160856908
161782378
217958803
26978619
371097564
217897513
217931615
233851822
274381798
217940582
217883750
161046004
159200608
234000537
234268420
29115720
28947887
234002053
234002053
278320144
278320144
276183877
234263562
158638294
234270743
234263527
158687234
234263556
29105244
159051312
155908172
46173657
9627743
207179504
28950350
46614855
234117726
58630744
158379411
161044716
234003710
161117077
52584607
234001604
161730322
159786652
159070324
159199680
159199680
160833304
234266520
29115758
155920708
159237491
159237491
160855954
160855954
28933491
28933491
274938867
275041677
160832683
154691418
274938549
232269157
232275074
243866621
175434053
240399636
280399913
169794478
261512119
236978034
252621658
45664288
128462752
43589190
190840243
396742505
138375433
29119790
28921533
28929924
161069404
160850751
185684477
160996286
161046003
268208382
29099953
158645374
111852704
158851186
159237490
28933490
274938866
232251012
218301431
233333324
252621657
161627047
218301430
161139556
31148724
376491926
158855012
158855012
158918209
158918209
232251433
161060381
217963298
217901348
232271689
268207016
376531569
158320007
232612254
158932079
28910783
234255764
234268825
234253001
31148725
372201572
91446840
83605003
265924777
299348532
265645103
155815809
29174312
29174312
155646798
217890498
234255422
234255422
234266479
159237640
9257309
234266466
58594883
376491927
158855013
158855013
158918210
158918210
159044776
159044776
160854951
160854951
26486379
158855069
232251434
232251434
376491971
161066808
158379351
158379351
28936430
268206632
217907236
215227108
158973044
158973044
158865148
28888759
217921313
161737709
217922399
217950118
158804394
217901349
232271690
234196611
232271237
234002972
268250307
268207214
376531570
376531570
158320008
158320008
28912456
28912456
238677986
245781015
200900035
161171599
30256574
158665943
254283743
28957547
234266530
160832324
158687446
28933553
165153067
217907328
273622784
58619094
159070120
158383181
44516966
159228167
29122940
232276920
234266516
58607651
155895605
155895605
26552273
28910784
160883145
160883145
19939991
234255765
160822500
232251735
246480208
246480208
29122859
268220392
232269175
158679528
161060325
158972865
58607595
158918117
158951293
266659705
265480683
31148726
279580428
372201573
224449487
9910687
26711731
191603236
29775780
141829913
31269492
163016823
257571666
162977331
268213910
160856796
206638665
29171005
159217526
234002400
27023971
58610467
158855009
158855009
265924778
19974825
190809309
5975868
265298696
15767949
266659703
75424555
234002065
234014758
161590624
376584499
274953829
268232098
266236695
299348533
234185616
234117696
162581903
243347621
265645104
158367392
300306691
158855036
399916676
234270342
159884569
159884569
318800093
318799965
58625207
58625207
28950337
158663140
292390700
209393026
155815810
155815810
28960072
28960072
268253551
268210321
159032502
159032502
234105944
29174313
217952907
158598407
155646799
268233672
232277068
217891164
167656136
288025674
157078990
217890499
28913062
28913062
232251617
232251617
234255423
234255423
234266480
234266480
28899548
234266422
159237641
159237641
276947070
264862575
202656758
366338753
62625464
158928879
315170260
217828596
161608975
81803533
160862463
160862463
46770331
159018649
19942106
234266467
58594884
158918211
28927197
28927197
270693817
270693817
159044777
159044777
159218552
159218552
234266503
161068705
234033132
159082488
155905776
155905776
29118510
29118510
160854952
160854952
160822423
160822423
234253067
234253067
29046761
28913043
158379346
158379346
158855074
158900286
234260114
234260114
158855070
158855070
26529439
26529439
278320120
278320120
161062941
160851350
159230055
159230055
159045047
318739360
232251435
232251435
376491972
376491972
274953159
275055969
234266444
234266444
159235848
159235848
161066809
161066809
158379352
232268116
234002067
234266526
158913085
161060383
278507872
161650794
268249923
234014760
234034687
234034687
158694048
217941868
158363327
158363327
183596119
161738088
217932006
217877529
217959945
217959945
217877983
161408819
158973045
158973045
27016241
217910001
217906090
74043347
158598808
397691871
217904480
26982612
217935317
217953154
217921314
226832576
217869993
158666137
161198057
52584543
81964759
81964759
26584929
29175877
217875999
158923181
185273569
81629939
161738108
397741505
217871738
81630305
81964797
217952389
217868358
217910493
26520494
217893192
217884824
217867858
233851902
230785715
155913796
158926950
28912509
28912509
158926513
158926513
274945985
232271691
268251394
268206754
19941061
275049733
268249997
234196612
234000525
234000525
270693717
19952601
232271238
275051001
58619277
268208314
268251470
268210224
159896172
159896172
49049895
49049895
49049909
49049909
274953125
268207018
274946159
376531571
19939404
19939404
268249757
268206467
268190386
28988816
158643296
158643296
19963304
234268930
234003170
234003170
274953831
275056641
278320107
278320107
234033174
270955054
28912457
268232100
234270040
234267907
155908084
155908084
234266065
174666043
172669351
48895487
223656236
26968232
262650005
227898272
168163091
45688391
200900036
28926676
174148147
158683361
158908130
158908130
31241766
196884502
19941411
28937551
159038024
159038024
159213476
217890137
120776882
278395739
160822064
158858783
31414724
158929751
19939411
29115939
229393665
63294696
318372192
160832693
128462750
58607593
158918115
158918115
79511008
35928404
159082486
29118508
29101522
160852813
226588454
165153060
158926948
275050999
268249755
268206465
238234774
268207642
274953698
159038067
237767902
265265240
154857099
213967203
232260794
232260794
277199218
19940638
175299080
278392929
158926175
160979476
217892203
167601373
160832207
28916365
158311770
158311770
44696218
160850510
380725455
380725455
28917412
28917412
28957548
273202137
158900156
28912430
234266531
160832325
234261606
234261606
234266023
159070159
158687447
158687447
28933505
29149073
49049925
49049925
300393957
217880688
232276231
159034609
217893607
217954619
28874407
217952312
217904205
161705448
158905202
270693245
274938774
234253071
273622785
273622785
58619095
58619095
158329830
158329830
159070121
159070121
159008861
158383182
162855681
234270913
279442388
146164750
47341857
158930580
268284536
376491869
193391048
28941646
29117248
29117248
28917367
28917367
217900308
309292747
161146891
159228631
249236987
58595547
234194802
158923093
158981748
29111778
158903275
29122941
159215261
232276921
160922346
160922346
158854992
158854992
58607696
161049930
158926577
28936424
29112338
234260077
268251357
268208067
29122732
29122732
158912281
155895606
28920041
28920041
155880345
155880345
158951291
158951291
19952523
234194612
155900169
26552274
278507857
278507857
28910785
28910785
26567205
268209377
158929290
158929290
161029990
28987823
159087579
19939928
29106420
29106420
234269932
234255766
155908153
19967714
161062938
160822501
158915722
158915722
232251736
154701492
154691404
154691404
246480209
246480209
161730347
161730347
29122860
159228652
158835104
234087288
278507881
278507881
159228639
268220393
232269176
232269176
234268827
234186833
120781138
158679529
49049888
49049888
158835101
158835101
49049919
49049919
268231696
234107574
161060326
158657268
161173335
234266431
234266426
234266426
155908104
155814100
234105878
234105878
159895928
28996484
234255878
234255878
58607596
159911838
158918118
158918118
158908133
158676293
155796708
159218554
158676016
237376821
46297897
231069429
175299083
30250277
76816650
238106303
170256771
339081639
265480684
31148727
265972425
265972425
229777029
31122097
31243605
314101782
50205751
265265242
244493560
264737972
9714326
9714326
34036945
224449488
227595559
42143449
42334246
160779003
261766023
43654919
175188265
309215955
191546499
3812588
265119456
229986954
32011620
31012826
234415559
268210502
324077354
28996481
27678024
158258575
161444893
160852331
19967634
160854769
81668228
26998773
161542088
161030062
158924852
28914275
290408473
234118677
270693333
270693333
159897226
268209629
168573061
29580419
258552111
270693755
327868651
158690638
224449485
151296784
270693815
270693815
28913041
159235846
217907730
217892991
28912507
234001783
28988814
234270038
206410378
28911268
159228650
234105876
19953353
19953353
249380433
232571803
264999811
268206852
105199595
29116032
2636195
159218501
19963299
19963299
158693496
234255431
206639061
166024721
160824018
234261406
158670564
160825451
125180571
158675768
232252115
161149415
234194822
234194822
158915726
159226587
161170873
161170873
270693290
19952603
49049898
49049898
158921947
160862301
234259564
159238045
268213911
159215023
160856797
160828772
217913010
217922732
157097930
26979598
166058580
158636912
28988742
233851863
158828531
158915277
159215077
158860134
159037425
28942748
234261396
19952642
159237477
159237477
270693620
26486445
159008876
158638189
160849527
234104095
19952564
19952564
49049904
49049904
232268079
232268079
159236974
273622326
227514636
27023972
109777200
317068095
400897288
159228636
196874276
159209304
29122756
29122756
161063179
161063179
217893554
217932486
162855626
162855626
376787903
160883058
28950312
158363598
159045239
159211856
158367394
158367394
234255737
28916018
159236912
159236912
159070093
159070093
268250144
268304768
28950178
158855010
232260796
232260796
158383699
158383699
158937337
265924779
309413774
309413774
190705206
187223127
264168578
19974826
284521105
203094431
268980619
234269952
156247229
160862472
34036942
28941315
278508967
234267192
160883126
160856907
217957704
26987271
158923035
29115878
158638293
155908171
46173656
232251519
29115757
29115757
158370967
158370967
18269223
232282455
233026715
311330695
319147601
160883143
89987398
19942104
26486378
234266442
217907235
217863557
268251392
232271236
263099417
234107701
155895604
155895604
29122858
275051047
266659704
261766021
278318665
58610466
97742032
312306223
162581902
131599647
28960071
28960071
159032501
159032501
232249855
157078989
28899547
28899547
276947069
159213695
234266502
155905775
160822422
29046760
158855021
26529438
159045046
159045046
232268115
232268115
234002066
234002066
278507871
234014759
217923484
232248947
217916451
102916659
161690557
217889297
261169367
217963350
217904937
217861126
274945984
275048794
19952600
268208179
158643295
275056640
234033173
234267906
156627062
156210635
168163090
29110290
229393664
234107132
237767901
232276873
234261605
234261605
234266022
29149072
217955247
217883641
158905201
270693244
158329829
234270912
279442387
29111777
158903274
159072037
29112337
29112337
28920040
155880344
19952522
19952522
155900168
155900168
161029989
28987822
234269931
19940640
161730346
161730346
158834645
234185617
49049887
49049887
277223570
234117697
159895927
226248452
233130024
31122096
31243604
264737971
205599073
46377202
232448613
236866128
47953213
270693332
257315269
234105875
264999810
158675767
158915725
160862300
234255755
234255755
318738968
158915276
161570429
29105278
159008875
273622325
227514635
159225619
158367393
158367393
28950177
159018666
158383698
158383698
309413773
264168577
203094430
232251518
18269222
275051046
103014549
131446370
234266501
160822421
158855020
159045045
217941070
217914257
234191827
268208312
158643294
234267905
207674656
58595545
158834644
159895926
46051191
128759540
156277332
28950176
309413772
234270187
46051190
29037810
266946598
158643326
154691980
234270953
173605383
161035812
232259459
19964196
232263604
232260017
50018967
28918096
158918248
160883168
58594862
234270343
159235674
159235674
159884570
159884570
266946599
266946599
234255743
160883102
158987110
158987110
158643327
158643327
160854897
160854897
154691981
154691981
278320195
278320195
29099936
276108525
217913452
217879734
26976825
227559345
217895231
28888473
29221105
29221105
274976302
217888072
26505897
161035813
232259460
278320098
58599856
58599856
232279159
232279159
268249728
19964197
234100445
234100445
28950338
234266419
160822483
160883065
232260018
28987657
206588974
50018968
326506769
276314296
261848535
158835098
403927741
234104728
268249869
158858750
217894195
161060213
28917397
28917397
376546245
234269349
201748530
158832039
159218503
159218503
234266473
159212412
155815811
155815811
158918249
159045171
278392931
278392931
160883169
160883169
58594863
58594863
234255734
29037812
58599791
158661900
159235675
159235675
159884571
159884571
154691752
154691752
266946600
159008859
158926177
159045237
159223847
268210322
160883103
160883103
158987111
158987111
26567200
191363231
28917590
160979478
158643328
159032503
234255848
160854898
232277170
29130861
158693498
158693498
154691982
154691982
19963205
19963205
278320196
278320196
49049915
49049915
29099937
28917327
234105945
234105945
29174314
268209279
276108526
217886251
81721225
318737587
158690601
26975872
81668185
217875943
231769646
158598408
217914846
35786308
26987282
28886846
318737599
237749565
327407725
217939549
217950028
35787230
217895232
217962899
155523540
206632980
26995985
81906426
28897155
397747919
161068375
161169968
29221106
29221106
217873951
81624322
215710348
26982592
28889718
81688459
217969323
81688475
81936181
217888073
217925020
217890395
217911164
157090412
185883190
217884916
318738190
217904497
217901238
58603455
28913014
160856389
161171560
160835942
278320129
278320129
160825736
273622488
28988725
28988725
278320099
278320099
58599050
268343004
158855007
28899470
58600148
232251618
270693522
270693491
232279160
232279160
234261408
234261408
29130839
29130839
26518563
28916367
274946152
275048962
268249729
19964198
234100446
158874609
234266481
234266481
232271669
158917171
160832746
234266423
234266420
234266420
28912798
155814098
160822484
159083754
160883066
160883066
160883074
159235850
158670566
158670566
158902732
159895860
232260019
232260019
159237642
158922277
161409961
367596901
8869576
50018969
264862576
264862576
326506770
195943115
234446561
158987124
29043871
29043871
55466597
90125896
155796705
155796705
128344007
123484537
29107876
160851114
160828012
160828012
217941971
217949228
158856380
161654045
161650787
267922366
50488037
159234709
29111012
29111012
278330666
278330666
261848536
261848536
13867577
161167614
325760841
234254159
26711729
74432587
274953157
275055967
217880972
185672044
268249995
268206705
161172470
234266063
220561481
159228112
155908151
155908151
158835099
158835099
159911836
159911836
158676291
158676291
403927742
160779001
32011618
159051305
191925794
161730344
158369518
158369518
326295337
159209518
158661898
234014753
268252507
268209277
288490403
217867661
28985791
275048960
158854945
270693528
318414100
160830242
29111108
268209460
29121067
234104729
268249870
268206580
268250994
268207704
155905766
160833047
158865219
158865219
158858751
158858751
29106478
29106478
234266071
234266071
26990690
217903782
217869561
158926708
217910522
217885745
81629973
28884804
217956913
35785679
58594524
58594524
268249897
268206607
161125130
234260059
28917398
28917398
376546246
234269350
160862464
158899227
158383195
158383195
158853564
158853564
234266662
29121245
2367639
169475843
51187943
102026831
50709300
234087747
326387252
29104054
28927020
29115674
376492051
376492051
29039162
217938808
184574342
232275079
158924924
58594875
158370961
158370961
159218504
234033113
159215266
159215184
161035692
161035692
234266507
234266474
160824220
160850512
19942107
19942107
160883293
160883293
159235365
380725457
155815812
158918250
29111110
158854997
234261433
234261433
159237942
159045172
28917414
28917414
234261410
234261410
49049890
49049890
26584982
26584982
278392932
278392932
232252117
232252117
158924932
268209462
160883170
160883170
161149417
161041577
159070115
268207701
232276876
232276876
273095575
159025444
234255735
234255735
158379414
158379414
58619128
273202139
49049913
49049913
275086005
29037813
58599792
273203327
234104731
28925318
29104057
161060334
234270345
158951295
158855015
28960074
29117251
29117251
160779015
158383701
158370970
158915728
159226589
158661901
273087045
278508970
158902211
158900158
158918212
159235676
28927023
29109992
268249872
268206582
28912432
268207706
154691753
161444896
270693818
270693818
234253240
234253240
19941414
19941414
234270676
234270676
234267179
234267179
49049894
49049894
234260117
161650987
159044778
28921536
161170875
234100505
234253070
234253070
159008860
269002503
155891658
161168647
234261412
234266504
234104094
234104094
155575730
159045238
234033133
29130887
159223848
278330630
234014756
234014756
19963302
19963302
29122759
160855338
234259546
234259546
234014021
160834792
28933494
234263566
159227433
234266472
158854995
158854995
19963204
19963204
161066795
161068748
234104067
28927097
49049982
160854955
160833043
160833046
160850308
160883104
160832327
160832327
49049912
158987112
234266511
234266511
19963203
19963203
29118511
29118511
278320183
278320183
29118512
29118512
278320149
278320149
49049968
49049948
158676014
158676014
49049902
49049902
49049900
160854953
278320116
278320116
160883182
160883182
278320103
49049972
158865221
160821776
191363232
191363232
29107879
29107879
160832364
160832964
160855747
160855747
29115677
234003713
160830105
160979479
158858753
160824101
234261608
158855318
158927301
160825582
234267195
159032504
234253068
234253068
158855316
158855316
28919982
160833024
19963207
234255849
160862303
160862303
160832226
160852334
278320133
29118513
278320150
278320150
28937554
28937554
49049969
155792703
234259566
234259566
161168455
161168455
278320168
278320168
19967637
28913044
49049949
49049949
28921135
28921135
160854899
158379347
234255758
234255758
232268118
29106480
158855075
234266025
158900287
158900287
234260115
234260115
278320152
278320152
234002057
234002057
278320138
278320138
158855071
158855071
161149420
161030816
159070161
159070161
26529440
159215168
161068613
159238047
49049974
49049974
278320121
232277171
268249710
159083115
159218462
160851351
268253282
273622823
158693499
234266492
161173393
159236879
159045048
159045048
318739361
318739361
49049908
49049908
268250040
159038027
232251436
232251436
161063182
161063182
49049918
49049918
160854984
376492054
49049903
49049903
274953160
160883129
154691983
234266445
159235849
159235849
161066810
161066810
158899226
49049901
19963206
158379353
232268117
232268117
49049907
49049907
278320178
234002068
234266527
234266527
278320127
29099938
160853122
234255622
160979487
28917328
161060384
161060384
278507873
28933507
28917370
158865224
161650795
234105946
159218627
29174315
268249924
158693491
28933556
29109309
268252510
234014761
160850754
160850754
29149075
161175886
234034688
234034688
160828774
269002849
28921248
28921248
160856910
49049930
158694049
158694049
234033143
234033143
278320179
278320186
278320171
278320171
278320154
278320154
49049927
157088119
217945774
217893557
217968063
217876866
159219550
233851905
217870226
160883230
158363328
158363328
158579803
217870166
217908081
217927081
157071901
217943921
28874490
159921940
217964815
217932136
217932007
159219577
217869569
81717885
161117061
217922382
217950659
81658245
217914822
371086091
74318391
217967458
233851738
217959264
217913987
217903817
233851735
217909598
217913788
217926652
166027409
217952909
159213331
371070449
161777962
275853133
217935488
232248949
217956887
161587605
217965297
231630800
217912240
217916976
217962984
217962984
28886718
217941161
161030838
217932722
217899683
271519674
232276316
217881382
237749594
217922859
217882121
158901999
217913792
167656167
365301616
31235919
237749597
74041520
217912237
217912237
217910247
397691872
371070332
231753915
81629978
81629976
26982594
81964758
81629938
217939550
217868357
233851784
217950029
81631847
233848018
289365349
206638779
232277127
371097566
217940009
161690559
161628380
26982274
161738110
233851837
233851847
217927650
192837307
217937199
217913773
217863687
217946663
232282408
318738195
217910244
81702002
217910502
206632981
155880343
155880343
166027932
217900245
196987661
217922750
165153025
217952989
327407630
81688461
81950240
217904459
158926094
81803574
203402121
397683022
217868978
217893237
371070329
397747920
82082084
217950784
217967953
161511817
327407751
158576662
217869694
232277672
217903781
217893239
28888475
205874016
365270933
171910395
364943975
302189728
274976304
2795613
233851737
217926651
158923182
81624323
215710349
81688589
185273570
217909601
167656166
273417929
371070331
233851783
81964739
81718105
81964694
267895000
16489314
155880342
28888654
338018255
371070328
371070328
397741506
192270777
205874015
205874015
365270932
268559452
179192210
207645549
281891767
274986684
205874014
9641603
81717955
397744671
217902418
217939560
263679094
288025729
277332181
27521999
217924237
81630308
217865365
217904939
217922102
217907397
217869713
217912389
217903832
217921853
217901318
217864570
161778663
217941902
217939984
232274575
158946462
19963351
26584927
231753920
217960193
217921039
185883191
217883665
27016434
161124644
217939037
159219338
217921203
81717949
155571258
217910905
217894341
217924238
28884807
217913790
217905981
217933777
81688478
35785145
217904498
230785716
155913797
155674759
161060863
217863200
231630877
217919948
26990728
166024724
217864555
158913017
159224920
158856383
160835946
159234472
159034689
158923107
28913015
29099964
155555020
158911238
161175800
160856390
159037469
28933412
159234593
158914286
58627375
159884789
158930366
58602192
160835943
160835943
158918626
158918626
160821982
19963269
159209156
28912510
28942745
28942745
278320130
278320130
19963199
19963199
273622301
273622301
160825737
158682574
160862287
28985910
232264438
159220532
161030115
159200610
28988726
28988726
278320100
275048796
232271692
234000539
268343005
268343005
159037427
159037427
268251395
158691976
158646665
234253073
234266478
234266478
58607865
58607865
274940545
268206755
19941062
19941062
158855008
158855008
274946924
28988705
28899471
29105213
159218551
159218551
58600149
232251619
268249998
28927140
275887339
268206609
234196613
234196613
234000526
161730309
154691651
234017382
268253626
234194821
19952602
49049897
28942747
28942747
29117138
158855030
161035695
26584994
29114303
234266528
29101454
160923477
159215013
161125132
160841122
158916228
234257216
234100450
234002974
155819750
275025193
234260061
278320128
278320128
29130838
29130838
158874608
158874608
29129758
29114340
268250501
268292768
161120027
232281930
234257670
268210225
234261409
49049893
160854954
160854954
278320132
234002056
159237480
159896173
29130840
49049896
278320141
278320141
234002055
234002055
159237479
159237479
278320140
278320140
278320117
278320118
49049910
49049910
160883183
234266484
278320146
58619097
28927335
270693622
155892326
28920967
26518564
154691636
161654048
268210193
268250309
158687257
276183879
161030065
29105281
28926849
274946153
29115881
268208385
276638064
234263564
234263564
270693227
270693227
159216454
159216454
268249730
58599826
19964199
161170323
154691259
161730325
159216270
234100447
278320104
278320109
29099956
29099956
376546248
376531572
158367363
159008878
19939405
28921663
158638191
158638191
158370965
158360314
158638168
28917280
158874610
232268082
19963201
19963201
234266482
234266482
158638174
158638174
234270745
160852413
234263529
28912744
158692001
159078233
158359728
158917172
160832747
28899550
158311773
28914278
232264662
232264662
158931912
159208146
234266424
234266424
268249758
268206468
154691676
154691676
234266421
234266421
158855073
278320119
271253950
271253950
158670568
234104097
161029880
267922369
158320010
158687236
158835103
158835103
28912799
160822485
158643297
28921742
234263558
160883067
19963305
234268931
29159213
29159213
234003171
159228634
160883075
158383197
29122735
29122735
159070123
155784589
19952566
275056642
29105246
49049973
49049917
49049917
49049906
159218550
49049892
278320108
232268081
232268081
159216174
159008863
158383184
158383184
158670567
158670567
158853571
158853571
158853570
158853570
158853569
158902733
158924985
162855683
234105872
159238007
159236976
159895861
28912458
28921195
29106426
29106426
268190384
268190384
234266664
273622303
234266429
234266429
29121054
161650837
160883184
155908174
234270041
234270915
160883072
160883072
158922278
234267908
155908085
155908085
49049921
49049921
234266066
234266066
29121247
161409962
162855629
299305522
29392786
26861306
46173659
170727497
33658372
19159889
173426940
171806655
231484779
34363511
31074059
31136150
160290620
41183452
49779521
181019928
46770334
157063924
195648817
47618727
318414103
376787906
284451757
224598455
157956036
245781017
160711767
194915237
169475845
226121166
47341859
47341859
207179506
206662336
195943116
225378990
234446562
370354090
27088183
274955033
229359611
29115731
233441847
275086002
273087042
160852529
161175883
161175883
217960294
161035799
158923016
159216267
158691998
161650834
174813308
158930891
159215343
158987125
28926677
28926677
29043872
29043872
174148148
55466598
59067826
161739527
41992782
29106417
276866252
250396689
160852658
158913083
217921383
185883155
159896170
159896170
155908082
155908082
278093275
159200374
159087577
159215162
120781136
29119871
158908131
158908131
155796706
155796706
206187499
229153519
206316414
159212399
5188366
29111775
229777026
205223875
217960247
26998937
58600146
58600146
342284122
160853939
273088008
273201897
160832688
19941412
232281709
161068746
29109032
160832224
28937552
28937552
159038025
159038025
160828013
160828013
217899385
217898046
161727662
217953962
217942022
161724350
318737677
217868431
217964037
217920662
234188495
159208842
274940543
58609631
278508973
278395740
155892324
276108533
161650847
161650678
160851194
267922367
28921740
28921740
158924983
158858784
156537560
47000468
181155812
158379359
41197086
158926477
34591012
160850273
234100502
234100502
25503577
217920462
232251543
234185147
29121051
29121051
239306014
158930582
246471046
246471046
234033149
158379361
160832319
158916030
158905284
158363575
19939398
29115940
278330667
278330667
158910433
233831996
176218426
197435546
31687808
328428314
216934339
251398339
318372193
30222082
41197088
302194624
30246065
276030810
28740416
273203324
160821773
160821773
268249707
268206417
161782377
217883749
159233281
58607675
234267185
159051311
49779518
159000855
160832682
160832694
220991550
236978033
128462751
232251011
58592539
234253000
372201571
50665667
159044775
160854950
155792700
161650792
217899716
27003675
268250042
268207213
28912455
28912455
238677985
28921189
26552272
232251734
232269174
58607594
158918116
158918116
26711730
283440245
198254621
234117695
34980491
209393025
234105943
234105943
217952906
217891163
232251616
232251616
264862574
160862501
161068704
159082487
29118509
29118509
29101523
234260113
161062940
161062940
274953158
275055968
28921255
28921255
226588455
217922727
27016109
217920969
217862965
29175876
185273568
217952388
217958851
82004623
158926949
158926949
274946922
268206706
270693716
268210223
268249756
268190385
234003169
234003169
161172471
234266064
121425071
227898271
45688390
29115938
285858515
28917549
128534106
160829287
158900155
28912429
49049924
49049924
161573715
161705447
155819058
155555017
162855680
162855680
279533997
159223889
28916201
158854991
161049929
268207643
158951290
158951290
278507856
278507856
158929289
158929289
155908152
155908152
274953699
159228638
158835100
158835100
268231695
159911837
158676292
49311379
247025402
9714325
45173016
160779002
46702283
229986953
32011619
268209628
168573060
399435074
19953352
19953352
191546496
160832977
28926670
28926670
268253279
159215022
217904489
59072245
159224917
161170320
28921660
158638188
231664563
159211855
28916017
28916017
268304767
268304767
232260795
232260795
277199219
187223126
284521104
51139000
31043896
234107700
278426923
217495699
234253065
29046759
278507870
278507870
217923483
217890312
274945983
268208178
234033172
268190381
25504877
159072036
28920039
19952521
155900167
19940639
161730345
234255876
158369519
158369519
175299081
205599072
43654917
161068534
158383697
158383697
207256335
49049885
226248450
234270075
159223845
158987109
160854896
276108524
217913451
161235342
160856733
234100444
234000596
161409959
326506768
161044409
29121215
278392930
234255733
159209519
158661899
158661899
154691751
154691751
158926176
234014754
28917589
160979477
28921133
28921133
232277169
159218460
160979485
268209278
166025709
217881395
217914845
217904411
217952358
233851942
217873950
185671735
217925019
167601374
160822716
160883268
268343003
28899469
270693521
270693521
26518562
275048961
232275241
155814097
270693529
160883073
158902731
159895859
262980676
318414101
234446560
278330665
256734471
155908150
159911835
158676290
191955667
29119836
155905765
158865218
234266070
234266070
27001356
217868461
234260058
234260058
2367638
158910413
158370960
158370960
28928453
161035691
160829289
159223868
380725456
380725456
29111109
268206515
28917413
28917413
158924931
268209461
28957549
268207700
232276875
159025443
158379413
273202138
28941648
29117250
160779014
158900157
28927022
28912431
268250995
268207705
234100504
234253069
269002502
155905735
160841068
160855337
160834791
234266471
161066794
160832326
160883181
160883181
158865220
158865220
29115676
234003712
158858752
158855317
29118365
234266024
161030815
159215167
158687448
158687448
161063181
161063181
376492053
376492053
28933506
28917369
234266072
28933555
29149074
29149074
49049926
161690582
157068756
158286854
217904320
371086090
81979542
217913787
166027408
158349912
371070438
217941160
161030837
158901998
217913791
237749602
397683094
217921274
217946143
159224653
217910523
217954013
217937198
217867848
184123941
217904458
158926093
217950783
26988240
217964648
81917694
217924261
81629974
81718104
81964693
192270776
81717882
397744670
28891825
35785146
192270805
217920992
161778662
217957869
217921986
217910904
233851803
232277864
166045135
232251545
155819060
155555019
58627374
270693246
19963198
19963198
274938775
275041585
158646664
234253072
268249898
268206608
273622786
234194820
161125131
161125131
270693228
234260060
58619096
58619096
268253422
268210192
276638063
276638063
159216453
376546247
158367362
158367362
234269351
234269351
158329831
161146893
154691675
154691675
159228633
159070122
159008862
158383183
158853565
158853565
161173601
159238006
28921194
234266428
29121053
234270914
29121246
19159888
173426939
175020308
295925212
376787905
284451756
146164751
51187944
30608835
227732778
159215342
183651933
29119870
50205748
273201896
161068745
29109031
217870147
217920661
234188494
58609630
161650846
28921739
156537559
161171737
158905283
268218134
36442329
246076886
205704033
160833302
248539904
158972863
74231939
160862500
161068703
234033130
158900284
28921254
217942971
82004622
268253452
268210222
234003168
234003168
48895485
159039338
158951289
158951289
278507855
278507855
234107572
234087748
193391049
42334244
46702282
28916016
268980617
234255875
272228667
58599789
232277168
160979484
217922232
217955320
158669414
26518561
232275240
159895858
262980675
159223867
268249804
158924930
161041575
29104055
29117249
160779013
232251477
28927021
269002501
158926689
160883180
160883180
29115675
29118364
159215166
159215166
376492052
376492052
28917368
28917368
81964729
158349911
371070437
159224652
158353126
217881366
81917693
81727277
166063295
217935680
19963197
19963197
158646663
158646663
234194819
58620782
268253421
159216452
161146892
154691674
159228632
159228632
161173600
161173600
249236988
50366298
301148479
268218133
199083250
278393575
228123691
29143184
160779012
160779012
232251476
29118363
217882995
217935679
19963196
268210190
161173599
161173599
34189741
49049953
159216276
158902090
274939083
49049954
159216277
159045177
278320160
158687437
159216194
28918100
158855313
158855313
161173390
161173390
232251522
158853684
160854979
158923094
158902091
158902091
158924925
275041894
158916314
158909221
158930425
234001405
234107690
29111779
58595549
158383596
246471048
246471048
158370962
158642718
158992813
159072039
159215106
159215106
29122942
29122942
234033114
159045178
278320161
159215267
159216271
158687438
161650978
159215185
160922347
160922347
158363600
158363600
159216195
28918101
158854993
158854993
158855314
158855314
161173391
161173391
161035693
161035693
159199682
155823184
28921249
158853685
160854980
160854980
158923095
158923095
158902092
158924926
154691422
154691422
270693767
270693767
234266508
234266508
234266475
234266475
274939085
161049931
158916315
234266518
58607893
268210218
160833306
58606670
234266524
234266524
161225418
158909222
29112339
29112339
160883124
160883124
158930426
234001406
160883294
160883294
158899224
158899224
268251358
268208068
29122733
29122733
159216172
159216172
159213711
160835852
160862504
275045627
26539897
159223838
234266469
234266469
28921192
28921192
159212414
159223870
159000858
268207645
58595550
58595550
161068540
161068540
49049979
49049979
278320174
49049956
58594877
158383597
155895607
155895607
28988728
28988728
380725458
28920042
155880346
155880346
158951292
246471049
19952524
19952524
158370963
49049931
234194613
158918251
28928456
28928456
159215155
159231886
278320156
278320156
29111111
159072040
29115760
29121218
158854998
158854998
155920710
159215107
278507858
278507858
155823155
19939414
160854982
160854982
29122943
29122943
302194628
161068753
28910786
159216203
159215346
159216398
159045179
159045173
49049963
49049963
49049935
278320162
159215268
159237493
26567206
159216272
160883147
158687439
268252608
268209378
158929291
158929291
161650979
158367396
161029991
159218475
159215263
159215263
28987824
19939993
19939929
19939929
158694050
158694050
29106421
160855956
234255739
234255739
234269933
158363601
28916020
234255767
155908154
159216196
270693336
28918102
19967715
234261411
28933493
158854994
49049967
49049967
49049947
49049947
278320102
278320102
158855315
161173392
278320177
278320177
158865223
158865223
49049929
49049929
278320185
161035694
234100449
155823185
268218137
268218137
234033144
234033144
161062939
161062939
160822502
278392933
158915723
232252118
232251737
232251737
29110294
28921250
120823077
158924933
159215165
159215165
268252693
49049976
278320159
160854981
49049962
49049962
49049966
49049966
49049946
49049946
234100448
234100448
158923096
158923096
49049961
49049961
49049965
49049945
49049960
158902093
160883171
160883171
278320105
278320105
161149418
161149418
278320180
278320113
278320123
154701493
58607698
58607698
155823216
158924927
154691405
275041679
161041578
161041578
158902094
158902094
270693768
270693768
246480210
246480210
160883172
160883172
159070116
268207702
234266509
234266509
49049937
49049937
234266476
234266476
274939086
275041896
161730348
158923134
160832984
275056511
234185619
159228653
160832685
234266519
158835105
278479823
158913327
160832322
58607656
159897229
28936429
28936429
158926491
268210219
278507882
278507882
58607642
58607630
58607601
58607601
160833307
58606671
234266525
234266525
278320106
278320106
161225419
159213206
160854001
158926589
231779307
28996486
160852077
158926482
154691420
161068542
232269177
232269177
29112340
29112340
234255736
234255736
160883125
160883125
268253736
275041361
58619129
274955037
234255880
275050911
268250146
234186834
232269159
273202140
49049914
49049914
158930427
275051050
275086006
19942109
158679530
29037814
234001407
234001407
49049889
49049981
278320182
278320182
278320148
278320148
278320115
278320115
49049971
49049971
160883295
278320151
278320137
278320137
161149419
161149419
158899225
158899225
278320126
159884788
268251359
158835102
29122734
29122734
159216173
159216173
49049920
278393570
158912283
269399602
159212404
232275076
234000528
234107575
160862505
29121070
29116036
29119829
234266111
28987647
273088011
275045628
161173336
19952576
161167619
159209622
158851190
159228171
158902908
159223839
234266470
234266470
28921193
234266427
159212415
29104058
155908105
158902005
159032971
158930895
232251015
26570936
234270079
278320172
159000859
234266523
234105879
278320155
278320176
278320176
49049928
49049928
49049958
159895929
58595551
58595551
58607600
58607600
28996485
28996485
161068541
161068541
234255879
234255879
49049980
49049980
278320181
278320181
278320114
278320114
49049970
49049970
278320136
278320136
278320125
278320125
278320175
278320175
49049957
49049957
58594878
58607599
278320135
278320124
58607598
