787288144
699246303
699246303
57723075
411436858
57723074
929734109
305054659
398388484
1325112700
288502383
404007513
404007513
206744358
206744388
20129167
20129167
1315869905
1315869905
208051603
206749465
1164826162
1153333551
206752178
206746806
206748732
206752189
121573524
121511493
121613054
121613054
1444444442
716598152
243986619
41890124
1325367136
716737601
409643310
78016709
77239048
768331871
1270155989
1302226865
768373746
67083802
122658645
571646344
197316994
1183177977
378897230
87865380
378914846
87835587
1300766881
424328148
787297019
1261953591
120347456
804578061
787211500
42582704
452383184
654627982
408811845
571555735
408810095
47494196
408811690
43208921
1399352046
571898623
408806241
571444228
408886243
571555725
408811706
587036610
408808182
571501108
378898863
64010047
410398267
420572962
1109791779
42117454
294131814
87620094
530863068
75887091
197072631
575930515
408811783
955376672
197302028
716750583
75762224
896781124
408797079
42250550
197062558
27166042
197062792
89737389
240520017
716563663
782490
89634758
197063076
191849733
120042767
649191252
197351446
597748895
533255715
646041086
408802270
631869012
197063927
585197627
533256745
626122844
1237600794
191849360
782462
1183205580
240565598
598767040
197063810
599072688
408797934
179252218
409704914
658045726
240635360
209515346
239958594
626163747
240488752
17526966
533255802
716564135
1053044281
716848124
533256070
1006887998
362911648
572028638
1330553452
652408316
240058471
628497071
240381099
787224881
341737270
586549152
164813268
420552948
889646324
626756883
252241045
76243204
57830862
1088693749
1399310874
188422855
1399310900
646076450
787315884
22303786
787221435
1034270539
1399352202
22841226
378898817
573790677
787288143
626091329
197063415
191765713
1267579505
625817565
378903852
740699478
787241050
1183176472
1316832334
645972623
787334873
188423159
782548
188423204
411920296
599072479
743370359
632352741
57831125
42498714
378902776
209515351
787270047
640619882
197063024
616368510
411636277
584778773
786897
654731099
786435
643359321
378910794
572017669
257882635
599080787
1008337404
768286875
197304910
75770085
293763033
1288359825
30662622
79145043
1116382700
87577234
745896041
87834429
630894425
87577194
87844003
87586744
87840339
87844766
648383
87547789
187312455
87672227
408797843
87586837
745865671
87545583
669005957
87672319
87629963
664827899
87691945
87597763
87841559
87790773
745986700
87814114
632459307
87602026
87588006
87847866
630505487
87840851
862821725
87577082
628328294
598868644
745921225
87622289
342029981
87840457
1034115620
87639524
25635969
5941791
598862272
87839407
333882043
87584245
587014624
87584300
87828978
664840769
87844968
87850470
659472220
87865389
587040861
87553144
746047203
87586805
388705384
87838197
668637609
87550883
55150284
87821976
632799427
87602039
378895562
87620042
87838183
87838274
87759999
87849783
679115178
87842885
408795052
87846807
784070045
87555852
587044051
87790767
957603074
87674688
745895986
957596131
957597434
87584303
632461505
87560791
632783656
87854864
87556044
87597766
1196871083
957627229
783982150
957601761
792927845
957601763
154364780
957602985
32457385
957605578
746571170
957611720
408795398
957626689
412281707
957621979
957615713
957607246
669010657
957608809
553598637
957598070
87597808
957610980
154361769
957612358
154367427
957613915
154372166
957609118
678873033
957611565
1036691190
957621836
616910758
957623358
957596826
957623728
957612545
957618905
54269500
957628109
1211533201
957618938
651063655
957626783
420550755
957627912
1240353789
957628418
1240434233
957617404
3980359
3995109
674541477
957597641
957596812
957598388
56067455
957599713
632017675
957609210
652997843
957607305
957627373
957625299
882398704
957618043
957609354
957597195
42533798
957598763
957603102
957612261
957611690
957611780
1211533296
957622976
75855828
957601337
957608069
957602807
957612709
957607303
42465061
957597643
598796144
957595522
1211533313
957599041
42252032
957608450
957603705
957595525
41744511
957596279
565489416
1240504168
22659322
55979781
1034216214
632340540
629183067
957607306
957596280
129109022
957603177
957599653
897534564
716578443
957608364
89474200
25715476
957598389
565489358
658017158
189590175
184884591
65115813
957626157
574959365
957618646
22662754
716576122
632340696
957595527
632896767
1240267952
957595528
716750574
957620806
572125686
1197071924
1240292735
642178151
957599393
189248439
955366640
643312615
957597642
642567675
957599392
589048432
957623649
957600476
957621790
640161586
957595521
7400222
600266045
640168723
632334225
957595518
573790678
957609668
957599714
1183178164
1033988029
917707031
